0,-1.45,1.295190
10,8.56,642.249878
20,4.34,116.867470
30,9.51,281.034302
40,8.13,32.392872
50,-0.48,10.684461
60,8.62,10.318544
70,0.17,3.257863
80,-1.48,1.396972
90,7.51,1.300642
100,0.56,1.213831
110,4.73,1.138446
120,-0.33,1.066465
130,3.14,1.071865
140,5.55,1.027383
150,2.24,1.077140
160,-0.21,1.250624
170,1.74,1.308575
180,2.17,1.099931
190,4.09,1.052661
200,0.19,1.029521
210,-0.02,1.008145
220,1.60,1.012544
230,3.42,1.018687
240,-1.70,1.001482
250,-2.89,1.002467
260,8.50,1.117745
270,1.57,1.090299
280,0.73,1.025442
290,8.40,1.030381
300,0.27,1.019851
310,3.46,1.021865
320,-4.38,1.003422
330,-2.39,1.003678
340,0.00,1.045837
350,8.58,1.035142
360,-0.15,1.023921
370,6.70,1.009609
380,9.23,1.007267
390,6.85,1.020768
400,6.45,1.039636
410,-4.28,0.996836
420,2.32,1.008308
430,0.10,1.024362
440,8.33,1.006672
450,5.81,1.005630
460,1.60,0.993666
470,6.84,0.996725
480,1.33,1.004784
490,6.95,1.012731
500,4.51,1.011460
510,8.70,1.123031
520,-4.78,1.040663
530,1.49,0.998083
540,-4.84,1.012847
550,0.92,0.996819
560,4.78,1.014049
570,-4.12,1.003203
580,9.59,0.995260
590,1.21,0.998676
600,0.09,0.989532
610,3.50,0.988115
620,0.51,0.988136
630,-2.21,0.989565
640,5.35,0.994050
650,3.91,0.991077
660,1.30,0.985870
670,9.97,0.998458
680,0.04,0.980450
690,6.25,0.992725
700,7.71,0.994412
710,5.86,0.983186
720,2.68,1.171521
730,4.58,1.041055
740,-2.29,1.006259
750,4.20,1.010299
760,2.59,0.996070
770,-0.21,0.999246
780,0.91,0.991602
790,9.64,0.996294
800,-3.22,0.977156
810,5.77,1.002431
820,-0.54,0.971247
830,8.17,0.977862
840,3.17,1.003681
850,3.86,0.984522
860,1.80,0.988873
870,9.29,1.013333
880,4.94,0.996044
890,1.51,0.999169
900,5.92,1.088474
910,4.57,1.068257
920,-0.29,0.992247
930,-1.88,0.968699
940,1.49,1.047704
950,3.10,1.067516
960,2.84,1.024275
970,2.75,1.286964
980,-0.44,1.129887
990,-3.56,0.967915
1000,-1.11,0.975437
1010,2.66,1.000566
1020,-4.53,0.910928
1030,2.13,1.026691
1040,-0.83,0.854093
1050,-0.09,1.083694
1060,-2.49,0.894140
1070,5.01,1.003270
1080,4.73,1.248230
1090,5.20,1.141050
1100,1.99,0.887914
1110,9.23,1.019402
1120,8.08,0.966907
1130,7.35,0.976278
1140,-4.23,0.941624
1150,-1.26,0.854231
1160,-1.40,0.732151
1170,3.23,1.572214
1180,7.23,1.147032
1190,-3.55,0.816105
1200,4.04,0.987253
1210,4.44,1.092331
1220,3.31,1.101381
1230,-3.29,0.808409
1240,8.37,0.904241
1250,6.36,0.736262
1260,5.91,0.690631
1270,0.27,0.697206
1280,7.02,0.718015
1290,8.29,0.660097
1300,-2.98,0.717690
1310,-3.60,0.665981
1320,-2.79,0.686008
1330,9.23,0.688336
1340,-3.36,0.655774
1350,-1.90,0.689829
1360,8.51,0.703546
1370,2.25,0.656117
1380,5.46,0.624026
1390,3.50,0.641021
1400,2.54,0.611977
1410,-1.02,0.610903
1420,8.77,0.590453
1430,-2.44,0.582483
1440,4.55,0.561926
1450,5.96,0.785629
1460,1.35,0.725769
1470,-2.73,0.543909
1480,4.34,0.582222
1490,-4.23,0.516956
1500,-1.60,0.815960
1510,7.26,0.705501
1520,8.56,0.680394
1530,-4.13,0.759035
1540,5.99,0.577863
1550,-3.09,0.556213
1560,-0.01,0.564584
1570,-4.07,0.535173
1580,-0.89,0.523062
1590,1.67,0.558083
1600,9.32,0.535167
1610,9.59,0.550568
1620,8.50,0.501169
1630,-2.68,0.504258
1640,6.67,0.473664
1650,8.49,0.521458
1660,0.34,0.577778
1670,5.53,0.654608
1680,7.59,1.177703
1690,4.96,0.532022
1700,9.57,0.629116
1710,0.19,0.471964
1720,-0.17,0.441935
1730,-3.13,0.461534
1740,1.51,0.614241
1750,4.51,0.793218
1760,7.61,0.621273
1770,-0.88,0.489246
1780,8.26,0.493016
1790,7.01,0.511476
1800,8.73,0.439062
1810,-4.78,0.419933
1820,4.62,0.431921
1830,-0.91,0.395567
1840,9.31,0.408295
1850,6.84,0.383625
1860,9.45,0.395988
1870,-3.80,0.385773
1880,0.68,0.434099
1890,9.53,0.376034
1900,-4.76,0.443301
1910,8.42,0.431949
1920,-0.77,0.466465
1930,9.48,0.354612
1940,-4.49,0.578378
1950,6.68,0.384972
1960,6.01,0.393650
1970,9.20,0.361751
1980,9.00,0.339300
1990,-4.23,0.358539
2000,4.09,0.366998
2010,-4.52,0.344307
2020,-4.21,0.327937
2030,1.47,0.344894
2040,9.58,0.316370
2050,-0.60,0.323038
2060,-4.71,0.305121
2070,0.89,0.293507
2080,6.66,0.262604
2090,-1.04,0.444989
2100,3.79,0.416553
2110,5.84,0.407807
2120,8.89,0.313094
2130,2.48,0.330956
2140,9.27,0.292433
2150,0.89,0.394443
2160,9.89,0.291923
2170,-4.00,0.315560
2180,3.54,0.311017
2190,-1.70,0.379982
2200,4.17,0.424636
2210,1.68,0.343304
2220,7.71,0.300313
2230,-3.55,0.317143
2240,3.36,0.296459
2250,-1.40,0.370350
2260,4.39,0.256649
2270,-4.90,0.292103
2280,5.97,0.233185
2290,7.74,0.255203
2300,3.68,0.258998
2310,3.67,0.305355
2320,9.88,0.329143
2330,-0.67,0.309881
2340,1.39,0.249475
2350,2.69,0.288347
2360,-4.12,0.342448
2370,3.37,0.235267
2380,4.90,0.239131
2390,-4.19,0.243218
2400,-3.68,0.237891
2410,9.24,0.244614
2420,-3.95,0.264195
2430,1.29,0.380135
2440,-2.00,0.301739
2450,8.43,0.274291
2460,-0.76,0.350404
2470,8.98,0.214462
2480,-3.02,0.249557
2490,9.19,0.188300
2500,-1.19,0.304723
2510,-0.00,0.217536
2520,1.66,0.234737
2530,5.45,0.191264
2540,-3.01,0.233453
2550,2.41,0.218089
2560,-2.15,0.225424
2570,5.52,0.168314
2580,-4.61,0.232626
2590,8.83,0.199430
2600,6.02,0.395250
2610,8.69,0.668442
2620,0.50,0.395999
2630,9.76,0.294346
2640,-4.01,0.286026
2650,-3.80,0.301453
2660,7.16,0.255950
2670,3.89,0.212128
2680,-2.35,0.233852
2690,8.96,0.225374
2700,4.81,0.188714
2710,-4.26,0.197294
2720,3.92,0.170352
2730,-4.29,0.188179
2740,3.33,0.171857
2750,-3.07,0.192663
2760,9.76,0.188286
2770,7.07,0.233996
2780,9.93,0.168498
2790,-1.50,0.194046
2800,9.78,0.156745
2810,-4.58,0.179972
2820,0.94,0.168555
2830,-1.45,0.238685
2840,6.79,0.152088
2850,4.53,0.137502
2860,-1.41,0.145287
2870,2.11,0.173346
2880,-4.10,0.225292
2890,5.58,0.121999
2900,1.44,0.161444
2910,6.45,0.124684
2920,1.92,0.156702
2930,5.87,0.134191
2940,8.32,0.212834
2950,-0.10,0.178320
2960,3.86,0.141103
2970,-2.57,0.153447
2980,-3.53,0.483858
2990,4.68,0.555883
3000,2.32,0.500822
3010,5.91,0.262145
3020,-1.86,0.229543
3030,2.25,0.206774
3040,9.05,0.173290
3050,8.06,0.141811
3060,5.73,0.136801
3070,6.95,0.111880
3080,-1.10,0.154195
3090,9.65,0.126951
3100,6.84,0.183076
3110,0.63,0.171721
3120,8.34,0.189692
3130,4.95,0.119262
3140,5.25,0.125024
3150,-4.81,0.148306
3160,8.57,0.113768
3170,0.91,0.123512
3180,-3.62,0.133571
3190,7.25,0.094547
3200,6.85,0.132355
3210,0.15,0.139642
3220,7.22,0.098873
3230,0.43,0.140226
3240,2.36,0.132611
3250,0.95,0.160030
3260,6.81,0.121660
3270,5.43,0.153507
3280,-2.64,0.144293
3290,-4.99,0.129808
3300,0.02,0.129372
3310,7.42,0.210833
3320,-4.64,0.132456
3330,0.91,0.118306
3340,7.69,0.092593
3350,0.41,0.104425
3360,3.69,0.091631
3370,4.26,0.084514
3380,-3.87,0.136901
3390,-1.71,0.090248
3400,-3.62,0.114499
3410,4.19,0.130149
3420,3.09,0.128522
3430,-1.64,0.111142
3440,3.13,0.104277
3450,2.13,0.113937
3460,9.51,0.098889
3470,5.55,0.092069
3480,8.21,0.138582
3490,7.33,0.306316
3500,6.28,0.108128
3510,6.95,0.097594
3520,2.99,0.108419
3530,-1.91,0.115433
3540,0.20,0.094422
3550,5.00,0.072116
3560,-4.51,0.078399
3570,6.12,0.070397
3580,6.76,0.077962
3590,2.80,0.085552
3600,8.87,0.106255
3610,8.03,0.074044
3620,9.22,0.065237
3630,4.68,0.070427
3640,-2.75,0.075787
3650,2.42,0.081981
3660,-2.94,0.082548
3670,0.42,0.082805
3680,4.55,0.075452
3690,-4.58,0.107425
3700,-4.63,0.098130
3710,8.76,0.081114
3720,8.03,0.076176
3730,6.95,0.082138
3740,9.32,0.133333
3750,0.42,0.103344
3760,7.59,0.102214
3770,-1.26,0.101146
3780,-0.84,0.079702
3790,-3.10,0.077674
3800,-1.20,0.079163
3810,-3.79,0.096898
3820,-2.65,0.162647
3830,8.92,0.116152
3840,5.14,0.163779
3850,8.85,0.319476
3860,0.56,0.315122
3870,-2.94,0.574149
3880,6.66,0.232167
3890,3.74,0.344573
3900,6.50,0.166132
3910,7.13,0.201456
3920,1.94,0.111888
3930,0.40,0.109091
3940,-1.76,0.145183
3950,6.65,0.174022
3960,7.06,0.111266
3970,0.80,0.231346
3980,5.23,0.202538
3990,5.63,0.103195
4000,4.76,0.065110
4010,5.65,0.081400
4020,7.12,0.070152
4030,2.37,0.093532
4040,0.93,0.084068
4050,-3.08,0.075725
4060,2.94,0.059594
4070,6.87,0.046342
4080,5.25,0.053728
4090,-2.72,0.056259
4100,8.93,0.055114
4110,-3.87,0.065505
4120,6.60,0.043066
4130,8.77,0.049284
4140,-1.90,0.048883
4150,-0.68,0.050901
4160,-0.91,0.047430
4170,3.00,0.047978
4180,-0.19,0.054046
4190,8.25,0.053675
4200,8.91,0.040216
4210,0.44,0.048924
4220,-2.06,0.049559
4230,2.44,0.069729
4240,-4.26,0.062407
4250,6.36,0.068464
4260,4.50,0.401968
4270,4.13,0.166597
4280,-0.30,0.138572
4290,3.80,0.165266
4300,-3.98,0.123403
4310,2.31,0.111547
4320,4.33,0.062738
4330,-2.19,0.109471
4340,0.61,0.074650
4350,1.33,0.102915
4360,3.37,0.088546
4370,7.86,0.063104
4380,1.79,0.045993
4390,0.07,0.065767
4400,6.06,0.035213
4410,9.90,0.033166
4420,3.53,0.038705
4430,-0.21,0.041257
4440,5.37,0.030516
4450,8.35,0.042122
4460,1.12,0.034130
4470,3.56,0.038617
4480,5.71,0.031339
4490,-0.74,0.041739
4500,5.58,0.037181
4510,1.94,0.040012
4520,8.41,0.033522
4530,6.18,0.034311
4540,-3.89,0.039626
4550,2.18,0.037916
4560,4.08,0.037675
4570,9.23,0.043015
4580,-4.14,0.064928
4590,1.90,0.087136
4600,2.35,0.069118
4610,6.90,0.031481
4620,-0.83,0.041985
4630,-1.38,0.055037
4640,2.53,0.038912
4650,6.61,0.036902
4660,5.59,0.028352
4670,5.42,0.037647
4680,-3.87,0.037457
4690,1.91,0.035197
4700,2.95,0.054492
4710,-2.06,0.054699
4720,-2.51,0.045909
4730,2.35,0.035000
4740,-4.65,0.033331
4750,7.61,0.039533
4760,1.83,0.037841
4770,7.78,0.028456
4780,-2.65,0.045335
4790,9.69,0.034409
4800,-1.21,0.048847
4810,2.68,0.041091
4820,0.34,0.040609
4830,3.28,0.034080
4840,4.26,0.029584
4850,7.34,0.027690
4860,3.14,0.037458
4870,7.22,0.037368
4880,-0.81,0.033743
4890,-4.76,0.048007
4900,-1.43,0.035607
4910,-2.17,0.033538
4920,8.77,0.028630
4930,-1.71,0.027183
4940,3.63,0.027559
4950,-2.63,0.032327
4960,3.17,0.036268
4970,4.65,0.042878
4980,3.48,0.053196
4990,0.17,0.037983
5000,5.10,0.034894
5010,-2.77,0.035146
5020,-3.38,0.042763
5030,6.04,0.031377
5040,4.02,0.047281
5050,3.55,0.032372
5060,8.36,0.048362
5070,7.38,0.047005
5080,7.78,0.032475
5090,9.93,0.031632
5100,-3.16,0.040762
5110,-2.98,0.034056
5120,2.27,0.058705
5130,-3.32,0.044278
5140,4.36,0.039813
5150,9.16,0.032300
5160,3.58,0.134054
5170,0.20,0.053235
5180,2.31,0.056889
5190,8.02,0.100385
5200,-0.66,0.072470
5210,5.52,0.102496
5220,7.70,0.057970
5230,-3.88,0.075329
5240,8.88,0.069190
5250,-3.09,0.071700
5260,7.96,0.054361
5270,7.65,0.075098
5280,-0.26,0.043429
5290,3.35,0.043460
5300,-0.14,0.049126
5310,0.94,0.050184
5320,2.96,0.043083
5330,7.51,0.029983
5340,9.19,0.035612
5350,5.86,0.032183
5360,4.77,0.032077
5370,5.17,0.035009
5380,-3.54,0.032312
5390,-3.05,0.034047
5400,2.23,0.030598
5410,-1.79,0.034034
5420,7.35,0.026772
5430,5.38,0.027275
5440,-4.34,0.264358
5450,-3.23,0.085318
5460,7.91,0.074648
5470,-2.02,0.128981
5480,4.32,0.214629
5490,-2.32,0.149688
5500,-2.13,0.142932
5510,-0.77,0.087081
5520,0.78,0.078667
5530,0.66,0.064624
5540,8.08,0.051885
5550,8.41,0.053105
5560,-1.40,0.037777
5570,-4.77,0.042434
5580,-4.51,0.045348
5590,1.21,0.034690
5600,-1.32,0.040137
5610,-1.96,0.028384
5620,-2.34,0.036582
5630,0.99,0.035530
5640,1.96,0.032613
5650,3.56,0.033795
5660,2.24,0.028069
5670,6.85,0.033774
5680,8.83,0.033419
5690,0.72,0.032847
5700,-3.39,0.034666
5710,9.03,0.086703
5720,3.77,0.045594
5730,6.71,0.032892
5740,-3.97,0.032958
5750,5.92,0.028321
5760,-4.97,0.029212
5770,-4.03,0.037047
5780,-3.68,0.032782
5790,6.68,0.027515
5800,5.52,0.038420
5810,-0.05,0.037532
5820,-2.77,0.032980
5830,4.10,0.032446
5840,6.88,0.026516
5850,8.55,0.042573
5860,8.01,0.030270
5870,-4.47,0.038272
5880,1.37,0.042653
5890,2.09,0.038408
5900,6.10,0.028362
5910,2.39,0.044126
5920,-1.47,0.033638
5930,5.60,0.031166
5940,-2.14,0.040199
5950,8.30,0.128294
5960,6.33,0.088185
5970,0.76,0.046679
5980,-4.01,0.034822
5990,6.58,0.043513
6000,-1.16,0.033188
6010,3.55,0.027711
6020,0.24,0.047404
6030,-0.39,0.041505
6040,6.78,0.027951
6050,7.15,0.027821
6060,5.30,0.028698
6070,-1.81,0.025904
6080,-4.91,0.026253
6090,3.44,0.026374
6100,2.84,0.029282
6110,3.19,0.027152
6120,0.76,0.027413
6130,6.93,0.026544
6140,9.94,0.025500
6150,9.52,0.048339
6160,9.81,0.030687
6170,1.73,0.030548
6180,2.41,0.025484
6190,7.95,0.026692
6200,3.02,0.023196
6210,-2.41,0.021698
6220,9.43,0.022110
6230,-0.52,0.025953
6240,2.37,0.021419
6250,0.64,0.024938
6260,-1.49,0.024343
6270,6.57,0.034457
6280,5.51,0.023865
6290,9.65,0.025068
6300,4.44,0.029615
6310,9.83,0.022303
6320,2.93,0.027711
6330,-1.05,0.035083
6340,1.61,0.028282
6350,8.74,0.031099
6360,8.05,0.034722
6370,2.24,0.031926
6380,2.52,0.026801
6390,7.65,0.032139
6400,9.17,0.026042
6410,-3.88,0.026057
6420,5.30,0.026703
6430,-3.73,0.031540
6440,-4.20,0.037589
6450,-0.82,0.032704
6460,3.59,0.042139
6470,6.34,0.027082
6480,-3.51,0.030100
6490,4.37,0.043994
6500,-2.51,0.030000
6510,-3.16,0.030188
6520,3.49,0.059677
6530,1.08,0.063949
6540,0.23,0.141266
6550,-0.43,0.089048
6560,9.77,0.062967
6570,-2.08,0.048266
6580,8.02,0.032619
6590,0.80,0.046411
6600,6.87,0.034277
6610,0.03,0.034249
6620,2.85,0.039245
6630,-1.17,0.056581
6640,9.99,0.042087
6650,4.26,0.031050
6660,2.86,0.060507
6670,9.91,0.033558
6680,-3.72,0.038921
6690,-0.29,0.033923
6700,-0.48,0.028305
6710,3.49,0.027816
6720,-3.78,0.023510
6730,-2.64,0.028915
6740,-4.17,0.025157
6750,4.23,0.023128
6760,-0.49,0.025063
6770,9.53,0.023397
6780,2.48,0.023887
6790,8.26,0.022926
6800,-3.83,0.030110
6810,6.12,0.024309
6820,9.82,0.022941
6830,2.48,0.026561
6840,9.86,0.021301
6850,3.64,0.022186
6860,-2.44,0.021953
6870,2.68,0.022050
6880,1.51,0.022260
6890,1.40,0.022664
6900,2.62,0.023289
6910,-0.07,0.021285
6920,2.13,0.023007
6930,6.92,0.023951
6940,2.54,0.021451
6950,4.68,0.020343
6960,5.95,0.024194
6970,-3.59,0.022297
6980,0.89,0.019131
6990,0.72,0.021579
7000,0.45,0.022932
7010,-2.14,0.021822
7020,2.56,0.022347
7030,7.69,0.018758
7040,2.08,0.022762
7050,4.71,0.030467
7060,-3.18,0.022285
7070,-3.32,0.020159
7080,-3.31,0.021813
7090,-4.34,0.021765
7100,6.74,0.025572
7110,-0.61,0.024016
7120,6.65,0.020035
7130,-3.31,0.019595
7140,6.46,0.022844
7150,-1.98,0.021265
7160,4.39,0.025492
7170,1.34,0.019002
7180,0.10,0.020796
7190,6.70,0.019475
7200,3.72,0.028778
7210,4.18,0.030381
7220,-4.90,0.024941
7230,3.82,0.031579
7240,1.06,0.027367
7250,8.21,0.024859
7260,8.42,0.025246
7270,4.79,0.023598
7280,8.34,0.024567
7290,-2.52,0.025154
7300,9.91,0.026444
7310,-3.06,0.024077
7320,-0.66,0.023031
7330,7.78,0.022340
7340,-0.98,0.021555
7350,-2.14,0.029900
7360,8.85,0.021860
7370,-2.32,0.026562
7380,-3.91,0.023134
7390,7.81,0.019898
7400,-1.99,0.042209
7410,9.56,0.069877
7420,-2.10,0.030933
7430,8.10,0.031333
7440,5.72,0.027019
7450,-3.75,0.058583
7460,-0.94,0.029251
7470,-2.65,0.029214
7480,0.13,0.026558
7490,3.79,0.020770
7500,-2.90,0.023627
7510,5.05,0.022029
7520,-2.52,0.020471
7530,-3.65,0.021199
7540,-4.76,0.025101
7550,0.73,0.019570
7560,5.98,0.026977
7570,3.95,0.022504
7580,-2.07,0.022815
7590,7.96,0.019997
7600,-2.69,0.021700
7610,1.46,0.024601
7620,-0.89,0.022208
7630,-0.48,0.027226
7640,2.76,0.023883
7650,-0.76,0.036272
7660,8.32,0.025064
7670,3.35,0.027872
7680,3.97,0.021711
7690,8.20,0.036314
7700,8.24,0.040502
7710,-3.20,0.034524
7720,9.28,0.046822
7730,7.43,0.033651
7740,8.64,0.030233
7750,-3.38,0.024082
7760,-0.30,0.021748
7770,0.82,0.021918
7780,2.27,0.021809
7790,2.60,0.023662
7800,9.59,0.026476
7810,9.30,0.021590
7820,7.10,0.019417
7830,2.59,0.020811
7840,6.81,0.020162
7850,-0.26,0.023132
7860,7.71,0.018656
7870,-4.46,0.023708
7880,1.14,0.022955
7890,2.81,0.018529
7900,-0.18,0.020319
7910,1.57,0.020583
7920,-1.47,0.018111
7930,2.27,0.022122
7940,-3.50,0.022815
7950,3.24,0.025464
7960,5.19,0.020773
7970,9.49,0.023529
7980,0.08,0.019320
7990,-2.30,0.018901
8000,-4.51,0.017962
8010,7.83,0.024078
8020,4.30,0.022030
8030,-0.98,0.020629
8040,9.62,0.018747
8050,1.01,0.033118
8060,5.30,0.026411
8070,-2.80,0.021909
8080,-3.62,0.021580
8090,7.20,0.015980
8100,1.51,0.020205
8110,4.13,0.018816
8120,6.10,0.017635
8130,0.69,0.016696
8140,6.00,0.017827
8150,-3.60,0.022613
8160,-1.24,0.020619
8170,5.02,0.019448
8180,6.38,0.015051
8190,8.00,0.020526
8200,6.41,0.019009
8210,0.08,0.019241
8220,2.72,0.015836
8230,4.07,0.017248
8240,-4.71,0.018652
8250,-3.61,0.019675
8260,3.15,0.018255
8270,-3.92,0.019260
8280,9.98,0.016481
8290,4.63,0.016919
8300,1.35,0.017358
8310,4.79,0.017318
8320,9.92,0.015653
8330,-0.75,0.015007
8340,8.47,0.014419
8350,3.92,0.015990
8360,-4.57,0.018845
8370,6.15,0.017036
8380,-0.32,0.016370
8390,5.76,0.023271
8400,3.54,0.016320
8410,6.13,0.016477
8420,9.18,0.021071
8430,7.53,0.019514
8440,2.47,0.017742
8450,3.76,0.028499
8460,-2.74,0.028243
8470,-0.22,0.044415
8480,7.94,0.039509
8490,-0.23,0.032783
8500,5.61,0.024520
8510,-0.28,0.022798
8520,7.08,0.026836
8530,-2.71,0.024201
8540,7.32,0.023022
8550,4.43,0.019398
8560,-2.89,0.020737
8570,2.71,0.017255
8580,1.77,0.017641
8590,-4.20,0.016259
8600,-1.07,0.016566
8610,9.69,0.025652
8620,-4.26,0.017930
8630,-1.32,0.014632
8640,8.86,0.016380
8650,3.72,0.016236
8660,-0.54,0.018399
8670,5.90,0.017590
8680,-4.04,0.022264
8690,-3.63,0.016120
8700,1.97,0.014885
8710,6.91,0.015174
8720,-0.12,0.018376
8730,0.75,0.015184
8740,4.41,0.017199
8750,-0.35,0.016846
8760,-4.42,0.025104
8770,-1.97,0.016394
8780,3.52,0.014843
8790,5.57,0.022510
8800,-0.74,0.017613
8810,-1.43,0.016264
8820,2.71,0.020226
8830,6.34,0.019333
8840,-3.28,0.044784
8850,6.47,0.018997
8860,-1.05,0.018349
8870,5.00,0.015247
8880,-3.26,0.015986
8890,-2.52,0.016850
8900,7.85,0.013973
8910,-3.57,0.016907
8920,0.74,0.013517
8930,8.16,0.016167
8940,9.75,0.017114
8950,-4.21,0.017576
8960,-4.56,0.016900
8970,2.41,0.017712
8980,0.62,0.017196
8990,4.99,0.018029
9000,-3.98,0.017618
9010,9.32,0.020312
9020,-2.53,0.015530
9030,1.28,0.014489
9040,6.29,0.017860
9050,4.29,0.016130
9060,-4.42,0.019769
9070,1.63,0.016393
9080,-1.61,0.017843
9090,8.33,0.028261
9100,5.06,0.016505
9110,1.66,0.020511
9120,5.59,0.021740
9130,1.17,0.020100
9140,7.48,0.020840
9150,6.01,0.018801
9160,5.20,0.018482
9170,-4.21,0.017719
9180,7.33,0.015569
9190,7.90,0.017986
9200,-3.81,0.016803
9210,5.50,0.016145
9220,9.25,0.017476
9230,7.81,0.031410
9240,0.97,0.120921
9250,4.84,8023151.000000
9260,2.79,7007564.500000
9270,6.85,4098194.750000
9280,-3.84,8736924.000000
9290,6.25,2029521.375000
9300,9.51,281854.375000
9310,-0.16,342079.156250
9320,-0.21,88176.671875
9330,0.17,20052.214844
9340,-2.76,21903.318359
9350,-4.62,8374.077148
9360,-3.81,9803.462891
9370,-3.34,5150.921875
9380,-1.76,4464.744141
9390,3.58,2994.162598
9400,9.48,2909.651367
9410,3.61,2250.396484
9420,8.45,1970.683838
9430,7.74,1737.890381
9440,3.72,1553.730103
9450,-2.01,2233.394043
9460,8.61,1215.183838
9470,0.07,1740.964966
9480,-1.93,1885.950928
9490,3.32,987.096313
9500,-3.91,1542.578979
9510,-4.99,1663.711060
9520,0.64,1098.243774
9530,5.99,622.590698
9540,7.35,598.168884
9550,2.36,658.077332
9560,3.26,581.333130
9570,6.15,437.884857
9580,1.15,674.029114
9590,8.87,374.126434
9600,1.21,607.972778
9610,2.77,437.706573
9620,2.53,413.711853
9630,8.81,268.474213
9640,-3.51,782.741943
9650,2.37,366.405609
9660,4.42,265.689758
9670,-0.93,714.931763
9680,-2.11,776.072693
9690,4.94,197.683411
9700,-0.11,584.024292
9710,6.86,172.584442
9720,-2.80,637.633301
9730,-1.41,644.061279
9740,9.56,133.425507
9750,-3.21,563.114075
9760,2.86,221.560394
9770,-3.50,513.212585
9780,-0.32,480.557434
9790,5.87,119.361336
9800,1.95,242.705505
9810,2.28,200.874313
9820,8.34,82.732033
9830,6.68,80.372452
9840,9.80,68.413612
9850,-1.21,493.375732
9860,7.06,71.452484
9870,2.31,177.182831
9880,3.27,120.483864
9890,9.57,63.689342
9900,4.05,96.226791
9910,-1.48,481.195068
9920,5.29,59.610607
9930,-1.90,454.382843
9940,-2.96,391.449036
9950,1.14,229.548584
9960,-1.26,415.076294
9970,0.68,267.429810
9980,3.34,117.984818
9990,-3.46,356.552277
10000,2.38,125.054649
10010,3.79,88.505295
10020,-3.00,340.800171
10030,2.44,124.985199
10040,2.13,138.808655
10050,-2.76,328.425995
10060,4.47,58.435249
10070,2.28,127.780090
10080,-2.78,315.666962
10090,5.73,41.647545
10100,3.45,105.240166
10110,0.79,219.129303
10120,6.00,38.717514
10130,-3.37,265.122467
10140,-3.51,268.995270
10150,5.18,36.861809
10160,6.69,22.467709
10170,6.17,28.265203
10180,6.79,20.210707
10190,2.09,115.602272
10200,-3.40,264.370056
10210,1.76,137.088684
10220,0.52,217.418167
10230,3.55,73.370651
10240,5.73,29.602962
10250,5.08,26.362959
10260,-3.83,252.368195
10270,0.23,218.129227
10280,8.15,15.089313
10290,4.17,37.093857
10300,-3.11,231.443787
10310,-0.17,233.490845
10320,6.58,31.699404
10330,0.87,176.056229
10340,-4.69,226.990082
10350,0.33,208.262146
10360,9.21,26.969856
10370,5.31,32.681561
10380,2.20,98.787727
10390,2.79,88.142075
10400,6.03,22.270678
10410,2.38,93.617020
10420,7.21,20.268127
10430,7.20,16.361454
10440,1.96,104.707474
10450,4.69,29.228409
10460,6.42,17.726938
10470,1.94,106.658188
10480,3.37,65.403946
10490,-0.32,205.207138
10500,5.44,24.091209
10510,-0.89,205.371170
10520,-4.65,183.800583
10530,3.04,71.898911
10540,3.67,56.578648
10550,4.18,46.770084
10560,4.48,32.318298
10570,9.04,10.272474
10580,1.61,115.017044
10590,6.19,20.098822
10600,0.27,180.002869
10610,-3.14,154.289703
10620,1.55,118.536575
10630,6.95,11.423022
10640,8.16,9.495375
10650,1.18,124.825180
10660,0.04,172.623230
10670,6.64,9.216961
10680,1.48,112.695236
10690,8.18,6.349010
10700,8.53,4.452347
10710,1.38,115.699287
10720,0.69,152.659744
10730,-4.15,155.620468
10740,1.54,106.416176
10750,6.92,9.253547
10760,7.56,6.052366
10770,1.49,111.232071
10780,5.03,19.114002
10790,9.48,5.672652
10800,-0.65,166.518631
10810,4.78,22.668049
10820,1.07,116.567657
10830,-4.33,143.915817
10840,-3.34,127.726662
10850,3.38,64.944603
10860,6.72,12.063868
10870,6.02,15.753713
10880,-3.03,128.956146
10890,4.04,25.166204
10900,4.40,19.926796
10910,9.62,5.633895
10920,-1.54,156.874466
10930,-3.20,111.594254
10940,5.87,19.134266
10950,4.19,28.942310
10960,-4.73,138.196442
10970,-3.74,117.190071
10980,1.10,118.374466
10990,4.89,22.939846
11000,0.48,137.280746
11010,-4.98,120.746132
11020,5.42,18.145903
11030,-1.79,126.809998
11040,4.87,18.950809
11050,-2.14,128.633911
11060,2.99,63.448765
11070,-1.38,133.625580
11080,4.87,18.372311
11090,1.96,78.626129
11100,-4.23,108.502342
11110,2.97,58.766304
11120,4.88,13.534550
11130,-0.44,139.179855
11140,5.03,15.348820
11150,7.05,6.566968
11160,-2.23,107.012138
11170,4.30,23.671560
11180,-2.03,113.000961
11190,-3.31,80.823303
11200,6.26,14.747252
11210,5.26,17.182629
11220,-3.01,81.574097
11230,3.86,34.360893
11240,-3.28,79.440849
11250,3.35,54.712673
11260,-3.72,75.962845
11270,-3.69,78.184189
11280,1.58,94.724701
11290,8.99,5.541269
11300,1.54,85.397110
11310,0.48,122.177887
11320,9.75,3.983292
11330,5.46,12.237567
11340,-4.46,76.887306
11350,5.30,12.194319
11360,-1.63,106.648529
11370,-2.41,91.218254
11380,-0.84,111.403831
11390,4.19,21.448338
11400,2.74,53.562275
11410,-2.97,70.166275
11420,5.14,13.895474
11430,1.72,81.873657
11440,9.22,6.649394
11450,1.85,75.648949
11460,-1.19,90.944778
11470,7.48,6.450950
11480,-3.74,61.663910
11490,7.99,6.493245
11500,5.29,9.736622
11510,2.22,57.289719
11520,2.19,54.433178
11530,-2.08,87.681000
11540,-3.01,65.397537
11550,0.52,103.282631
11560,-0.13,104.209671
11570,-2.58,82.525009
11580,-4.52,72.961884
11590,4.32,20.115467
11600,1.38,78.337547
11610,5.67,10.753063
11620,2.65,47.590115
11630,-0.06,95.503059
11640,6.84,6.658893
11650,2.24,51.402309
11660,-0.74,86.610802
11670,-4.86,72.319115
11680,1.36,77.752914
11690,-0.94,83.017334
11700,2.07,54.585709
11710,-2.20,72.998077
11720,-1.69,78.594414
11730,9.75,3.033047
11740,6.38,9.612553
11750,2.80,40.856979
11760,8.43,2.303029
11770,4.42,13.619611
11780,-0.71,92.573357
11790,8.42,9.657528
11800,7.87,4.234377
11810,-0.63,82.820518
11820,8.69,3.438857
11830,6.09,8.866386
11840,-4.04,51.033363
11850,9.06,6.251393
11860,8.26,5.158353
11870,-4.91,80.539673
11880,2.16,55.178757
11890,0.24,86.530731
11900,8.39,2.534552
11910,-0.82,71.268753
11920,4.41,12.377026
11930,0.65,80.774147
11940,3.78,21.566629
11950,-0.79,68.908401
11960,7.85,3.055551
11970,6.27,12.539023
11980,-2.35,54.173515
11990,5.77,13.655964
12000,-0.17,82.116638
12010,4.73,9.117205
12020,-3.52,46.365803
12030,-1.28,60.679188
12040,7.80,4.602994
12050,4.12,14.297022
12060,-1.37,57.753307
12070,-2.77,42.488258
12080,-2.88,37.977993
12090,3.69,25.156887
12100,5.18,10.353671
12110,-2.58,46.919350
12120,-0.32,70.928986
12130,-1.27,55.545830
12140,9.88,2.950697
12150,4.31,14.989808
12160,-4.06,39.272392
12170,7.33,3.102180
12180,-4.09,39.851826
12190,2.50,36.853817
12200,5.90,8.267016
12210,4.43,12.250759
12220,9.37,7.594839
12230,-4.79,44.233143
12240,2.85,31.917027
12250,6.18,13.191855
12260,4.68,8.889874
12270,4.65,9.185094
12280,0.13,69.903038
12290,6.66,4.375667
12300,5.03,5.960380
12310,0.65,67.241150
12320,-4.94,45.732857
12330,5.99,6.625926
12340,-0.22,63.117043
12350,5.42,5.621280
12360,8.10,1.974004
12370,9.48,4.061110
12380,9.84,4.442032
12390,9.16,5.209442
12400,-3.72,32.715572
12410,6.54,11.403230
12420,2.13,36.999310
12430,0.76,64.441460
12440,2.98,28.035807
12450,0.38,67.471832
12460,-2.52,30.431278
12470,3.25,24.080149
12480,-3.65,30.858879
12490,3.94,16.519281
12500,-1.97,35.891430
12510,5.08,6.347751
12520,-3.34,26.854261
12530,-4.32,31.933340
12540,3.47,14.316682
12550,-1.69,41.876564
12560,2.14,34.571144
12570,-0.60,49.986279
12580,3.02,23.345102
12590,-2.16,35.113312
12600,1.35,50.476780
12610,9.24,2.319598
12620,9.15,1.875088
12630,7.71,1.838665
12640,5.80,6.591782
12650,-0.93,43.327034
12660,7.84,8.039585
12670,2.85,24.118542
12680,-3.21,29.372110
12690,-3.14,22.295591
12700,2.09,32.129417
12710,3.79,11.883511
12720,2.84,28.361700
12730,4.98,6.296899
12740,4.67,6.514441
12750,9.37,1.723436
12760,4.81,5.779611
12770,9.71,3.572010
12780,5.05,6.130448
12790,7.94,2.710015
12800,5.01,8.676075
12810,5.99,6.399151
12820,3.34,19.883158
12830,-3.14,20.829365
12840,4.67,6.999345
12850,6.93,2.709951
12860,2.39,25.846050
12870,-0.15,51.518784
12880,-1.05,36.546688
12890,0.15,51.976337
12900,5.28,4.235982
12910,0.62,54.869766
12920,2.15,28.252850
12930,5.94,6.792118
12940,6.60,5.673560
12950,-1.44,30.664984
12960,7.35,1.963882
12970,-0.55,45.175373
12980,3.47,14.193815
12990,5.82,6.711300
13000,-1.31,31.333279
13010,7.81,2.455264
13020,3.93,15.454015
13030,8.74,6.202155
13040,2.91,23.917482
13050,6.04,5.279765
13060,2.45,21.574200
13070,0.66,52.602047
13080,8.59,5.122467
13090,9.96,3.644344
13100,-0.53,39.703999
13110,4.15,10.531517
13120,-4.25,20.177555
13130,2.52,20.830132
13140,6.96,2.904441
13150,0.43,48.568588
13160,5.93,6.989548
13170,8.39,1.623094
13180,8.01,3.766220
13190,1.61,36.929401
13200,-4.66,26.071657
13210,0.37,43.165627
13220,2.03,27.776997
13230,5.36,5.010882
13240,4.59,4.753961
13250,0.46,44.931343
13260,0.53,43.974968
13270,-0.35,37.524853
13280,3.58,17.558649
13290,-4.59,28.675568
13300,8.68,2.688104
13310,2.98,18.701168
13320,5.69,7.644868
13330,-1.73,22.729044
13340,1.79,28.999605
13350,6.66,3.623114
13360,8.72,5.506789
13370,-0.69,33.302502
13380,1.50,32.870106
13390,0.70,41.157570
13400,8.47,2.817401
13410,-1.26,25.948423
13420,3.21,14.861619
13430,5.26,3.154921
13440,-4.39,19.691063
13450,-0.81,27.913216
13460,-3.09,15.316200
13470,1.21,34.228516
13480,2.77,17.009403
13490,-2.54,16.036383
13500,-0.72,34.362988
13510,1.92,29.297857
13520,9.92,10.506107
13530,2.91,12.972085
13540,9.36,1.739488
13550,-0.48,37.609035
13560,5.52,4.629953
13570,0.59,40.627792
13580,1.77,27.228630
13590,0.15,34.147148
13600,6.59,3.999392
13610,8.00,5.789373
13620,1.48,28.619930
13630,7.05,7.268889
13640,-2.24,18.188734
13650,-2.46,14.730900
13660,7.58,2.001403
13670,-4.95,22.235130
13680,-5.00,22.020563
13690,9.27,1.844169
13700,1.10,29.090038
13710,3.34,11.055511
13720,-1.41,27.569506
13730,9.06,3.270658
13740,-3.14,12.736079
13750,1.95,20.405172
13760,1.58,30.738974
13770,8.32,2.357145
13780,-4.19,14.168958
13790,2.87,12.281148
13800,6.07,4.365171
13810,-0.33,29.322662
13820,5.77,4.567211
13830,-0.87,22.514124
13840,-4.00,13.469568
13850,-3.20,12.239088
13860,4.83,8.031873
13870,5.60,3.224408
13880,-2.20,21.305237
13890,1.78,22.960377
13900,6.74,3.784749
13910,-1.71,17.858576
13920,-0.44,29.808298
13930,2.26,15.510679
13940,5.90,5.435802
13950,-0.94,21.914114
13960,8.45,1.764475
13970,1.20,26.916498
13980,6.28,6.252069
13990,6.97,3.478519
14000,5.97,4.008042
14010,7.93,1.404793
14020,-3.59,11.113789
14030,5.58,6.363917
14040,8.06,1.567361
14050,2.00,17.508022
14060,-4.93,17.411749
14070,4.35,6.840075
14080,5.72,3.397177
14090,7.02,3.406623
14100,8.87,6.038716
14110,5.98,4.857093
14120,7.87,1.431918
14130,7.97,1.479642
14140,2.40,14.576099
14150,9.65,1.637256
14160,-2.63,13.118084
14170,-1.90,14.521268
14180,3.51,9.973136
14190,1.50,18.686701
14200,2.95,9.431414
14210,5.59,4.240232
14220,2.41,12.618718
14230,1.79,18.893433
14240,8.40,3.480448
14250,6.43,6.715112
14260,4.87,4.502534
14270,9.19,1.526041
14280,-2.94,10.147505
14290,5.00,3.453264
14300,6.39,3.415643
14310,2.91,7.984177
14320,3.64,8.526549
14330,-4.38,11.451612
14340,-4.58,14.905891
14350,4.37,3.852048
14360,-0.08,23.633688
14370,8.89,1.938541
14380,3.20,8.424190
14390,2.52,9.832300
14400,5.26,3.328850
14410,9.20,1.720784
14420,4.21,5.955366
14430,6.14,3.566033
14440,6.15,3.369982
14450,7.00,2.774126
14460,8.33,1.761940
14470,8.59,6.824929
14480,-2.93,16.635912
14490,1.38,23.335987
14500,-3.41,9.356707
14510,3.67,6.965191
14520,-0.31,24.954872
14530,-3.79,9.984739
14540,-1.76,22.051306
14550,7.40,2.323562
14560,-3.84,8.997519
14570,-4.77,23.091305
14580,5.21,6.833655
14590,-0.31,22.452566
14600,7.82,10.648542
14610,6.12,18.586941
14620,1.56,14.997345
14630,-0.37,20.392292
14640,-4.17,11.383664
14650,-1.55,17.185648
14660,2.70,7.638185
14670,8.15,1.504103
14680,8.37,1.743855
14690,9.12,1.392607
14700,-0.25,18.199406
14710,4.46,3.352690
14720,3.96,5.376861
14730,-2.89,8.863116
14740,-0.90,20.307610
14750,-0.30,17.806883
14760,2.57,8.235399
14770,-2.38,11.384709
14780,-5.00,12.164126
14790,8.52,3.066042
14800,-4.93,11.524319
14810,6.32,3.886825
14820,-2.22,12.001078
14830,4.30,3.522087
14840,6.58,3.679293
14850,2.12,9.352848
14860,7.96,5.326665
14870,3.20,6.144668
14880,9.44,1.512445
14890,-2.49,8.932975
14900,-2.59,8.470599
14910,5.97,3.103307
14920,-0.55,15.750292
14930,4.78,2.416088
14940,-3.38,8.122765
14950,5.31,1.979338
14960,3.22,6.618737
14970,-1.68,10.343519
14980,-0.57,17.081392
14990,-0.85,12.952299
15000,3.43,10.850009
15010,-3.80,7.547277
15020,0.95,19.893631
15030,-4.95,10.703710
15040,1.58,11.884891
15050,9.51,1.716916
15060,3.57,7.550756
15070,3.65,16.715879
15080,-1.39,10.551284
15090,-1.76,9.912825
15100,7.84,4.864571
15110,0.98,31.161776
15120,9.67,5.150264
15130,7.98,10.991120
15140,-3.49,7.104649
15150,-3.84,12.320490
15160,4.51,5.357535
15170,-0.19,17.745430
15180,4.83,7.604224
15190,4.78,3.607591
15200,5.58,3.167946
15210,6.43,2.614587
15220,5.11,3.368775
15230,5.85,2.665302
15240,9.33,1.694495
15250,0.60,16.156124
15260,5.57,1.960379
15270,-4.64,18.020639
15280,5.22,2.441385
15290,2.76,6.153617
15300,2.71,6.176896
15310,5.50,3.006306
15320,8.97,2.306896
15330,-0.74,15.641088
15340,6.35,4.509696
15350,7.20,1.453407
15360,-1.13,10.791501
15370,-0.03,16.097870
15380,-1.03,10.534912
15390,6.93,3.942475
15400,-2.73,6.311841
15410,-2.70,7.774366
15420,1.59,12.166037
15430,0.58,20.232090
15440,-0.37,13.053087
15450,-4.00,7.682025
15460,-1.49,8.401545
15470,5.00,15.609825
15480,6.76,6.450860
15490,-3.18,7.569231
15500,-2.34,11.147477
15510,9.65,13.624938
15520,2.64,40.034779
15530,9.12,1.288125
15540,5.39,14.548816
15550,-0.42,11.583472
15560,-4.72,21.694613
15570,3.27,4.079954
15580,1.90,30.956745
15590,2.70,6.686847
15600,9.86,18.897762
15610,-3.72,12.429616
15620,4.52,2.255152
15630,3.26,5.933109
15640,7.79,1.457625
15650,2.44,6.478888
15660,1.16,10.978794
15670,-0.75,10.777050
15680,3.77,10.532012
15690,5.71,14.403589
15700,4.21,5.266862
15710,3.91,5.433061
15720,5.86,2.786728
15730,4.49,7.295989
15740,-2.11,6.585422
15750,-1.08,16.943203
15760,-3.08,36.163006
15770,6.99,22.816904
15780,2.22,8.026652
15790,-3.03,4.951212
15800,8.60,14.861882
15810,6.15,2.101037
15820,4.20,4.614130
15830,9.50,4.303975
15840,-4.58,11.089954
15850,6.84,4.412441
15860,1.92,8.396426
15870,3.39,7.187386
15880,-1.80,7.375165
15890,3.44,3.023841
15900,-0.83,15.850412
15910,7.73,2.246096
15920,-0.24,11.921130
15930,-3.52,15.861196
15940,-1.61,9.230585
15950,5.89,11.531005
15960,0.74,21.730122
15970,-0.23,108.893524
15980,-0.56,212.328110
15990,-2.99,231.611572
16000,-4.42,41.491272
16010,9.46,2.601017
16020,-4.83,7.539185
16030,3.57,5.757380
16040,8.36,10.923633
16050,-4.12,7.353264
16060,2.08,14.401628
16070,3.62,6.004302
16080,6.48,33.801079
16090,0.32,51.292751
16100,8.91,13.415521
16110,9.94,41.534740
16120,7.56,1.606164
16130,-2.15,8.753106
16140,6.71,3.079026
16150,5.25,3.162097
16160,3.83,3.349627
16170,1.34,12.211224
16180,9.09,1.467912
16190,-4.34,14.425028
16200,4.32,2.334078
16210,3.66,22.790764
16220,3.15,5.682433
16230,-3.74,5.138246
16240,6.99,2.134923
16250,3.58,2.789093
16260,5.34,1.699435
16270,1.00,8.286464
16280,-4.35,4.470534
16290,3.93,3.863884
16300,2.62,3.790854
16310,7.53,2.236065
16320,-2.05,7.420224
16330,2.84,10.121420
16340,8.01,1.376656
16350,8.07,3.324826
16360,1.93,5.478923
16370,-4.12,4.166523
16380,9.73,1.481633
16390,5.02,1.772044
16400,-3.41,3.697448
16410,-1.74,5.636743
16420,-0.74,8.693304
16430,-2.73,11.465520
16440,5.04,11.364498
16450,-0.23,7.985947
16460,7.26,5.534777
16470,1.17,7.523246
16480,1.80,9.538131
16490,-1.23,5.189780
16500,5.79,2.725703
16510,-0.74,6.712973
16520,6.20,2.572824
16530,-3.68,6.327770
16540,6.20,2.722415
16550,2.68,15.589785
16560,9.56,54.658474
16570,-4.61,16.364647
16580,-3.62,47.723240
16590,8.05,529.616211
16600,7.54,174.935944
16610,-2.58,141.403046
16620,3.66,37.565849
16630,-2.78,86.597450
16640,0.09,17.013998
16650,8.91,2.405376
16660,8.80,1.706790
16670,7.24,1.292766
16680,-2.79,3.673745
16690,3.34,3.117359
16700,2.51,12.957801
16710,8.79,2.596951
16720,-4.94,8.336735
16730,9.58,3.858566
16740,-3.15,4.565410
16750,-0.29,8.312476
16760,-2.22,11.692089
16770,3.50,4.506450
16780,7.83,1.649759
16790,5.13,1.739156
16800,8.20,1.975710
16810,-1.12,4.867274
16820,-2.42,3.483651
16830,5.33,2.654678
16840,-1.97,3.946650
16850,-4.24,3.486499
16860,-1.93,3.640208
16870,7.21,1.265290
16880,9.97,1.651305
16890,8.10,1.171872
16900,2.99,2.499436
16910,9.52,1.685071
16920,7.28,1.353733
16930,1.46,6.253380
16940,-2.62,5.144268
16950,-4.37,5.819860
16960,-0.60,5.314581
16970,3.41,2.119612
16980,-3.67,3.282510
16990,0.65,7.045247
17000,1.63,7.893771
17010,3.63,1.982461
17020,2.49,8.648288
17030,0.66,23.751104
17040,-3.28,4.725031
17050,-4.08,30.451029
17060,5.20,1.603478
17070,6.21,2.096826
17080,5.85,3.878325
17090,4.07,2.485158
17100,3.40,3.180453
17110,2.48,5.030120
17120,-0.80,5.327099
17130,8.84,3.177664
17140,3.04,4.235462
17150,-3.19,3.624640
17160,0.98,4.916490
17170,9.33,1.415138
17180,1.91,5.957760
17190,9.06,1.369357
17200,2.12,3.233999
17210,6.54,2.437524
17220,-1.67,3.591271
17230,2.05,3.240127
17240,2.89,2.349447
17250,5.42,1.595197
17260,-3.22,2.950663
17270,8.93,1.569277
17280,-2.46,3.457722
17290,-4.24,3.707485
17300,2.86,3.644099
17310,9.36,1.170918
17320,-4.76,6.783517
17330,-1.02,3.883658
17340,-3.35,2.790205
17350,-2.55,2.725505
17360,-3.96,4.819697
17370,8.21,1.185990
17380,8.10,3.383244
17390,7.77,13.166830
17400,-0.30,11.306417
17410,4.00,3.550435
17420,-0.61,6.762369
17430,8.02,21.459831
17440,-1.17,6.204656
17450,-1.97,23.166409
17460,4.38,2.256034
17470,3.37,1.941720
17480,2.75,4.235092
17490,4.09,7.182872
17500,0.64,6.270391
17510,-4.17,2.885879
17520,-3.34,7.563626
17530,9.51,4.793520
17540,-4.23,6.129808
17550,1.33,7.253548
17560,-4.94,13.809092
17570,-3.65,5.557591
17580,1.39,12.927587
17590,0.20,11.248719
17600,7.87,1.186383
17610,-3.60,2.641866
17620,-0.85,4.954748
17630,1.39,4.285226
17640,3.58,3.120209
17650,9.38,1.360187
17660,-3.38,5.264394
17670,4.43,1.766757
17680,4.38,1.868699
17690,7.34,1.141366
17700,0.43,4.789990
17710,9.26,2.285528
17720,2.56,2.499586
17730,-3.12,2.698923
17740,8.53,1.100313
17750,-4.73,3.233623
17760,8.47,1.152449
17770,-4.78,3.049655
17780,-0.39,5.245916
17790,-1.75,3.030580
17800,2.89,1.980806
17810,0.40,4.805381
17820,4.25,1.928887
17830,-1.31,4.128126
17840,2.23,2.380093
17850,-2.87,2.633117
17860,-4.14,2.396841
17870,-2.55,3.471742
17880,6.74,1.339174
17890,-4.45,2.976212
17900,7.75,1.345766
17910,-1.28,4.303169
17920,9.06,1.183977
17930,4.85,2.346822
17940,1.99,3.314111
17950,2.89,2.048163
17960,-3.66,2.365209
17970,3.81,2.107450
17980,-0.99,3.748225
17990,4.17,3.809905
18000,6.22,1.498496
18010,-0.19,4.360865
18020,3.98,1.978349
18030,8.47,1.679583
18040,5.83,2.255143
18050,2.66,3.130083
18060,-2.96,2.116009
18070,-2.31,5.293891
18080,9.54,2.624296
18090,1.87,2.816481
18100,9.89,3.990669
18110,-4.70,5.598571
18120,-4.09,3.031920
18130,-1.78,2.681889
18140,0.71,4.071429
18150,6.83,1.335979
18160,-0.19,4.023395
18170,-0.51,5.176614
18180,9.10,1.971954
18190,8.86,2.446116
18200,9.26,7.913717
18210,-3.95,2.869039
18220,5.95,1.390981
18230,0.91,3.816476
18240,1.95,11.245595
18250,5.62,2.103313
18260,-1.32,3.301629
18270,7.14,1.585192
18280,3.79,1.814392
18290,8.13,1.758685
18300,5.14,2.221788
18310,-2.62,2.581004
18320,7.86,1.107406
18330,-0.87,3.204677
18340,2.39,2.268072
18350,-0.96,3.202817
18360,6.25,1.308347
18370,-2.02,3.413848
18380,-4.39,2.139460
18390,2.16,2.254588
18400,-3.68,2.393092
18410,1.58,2.814865
18420,9.81,3.236866
18430,4.78,1.311213
18440,3.15,2.001018
18450,1.01,3.519531
18460,2.47,1.996507
18470,5.17,1.697870
18480,-1.63,2.443186
18490,6.01,1.964712
18500,-3.37,2.883329
18510,0.40,3.498584
18520,9.05,5.083084
18530,-0.21,6.667848
18540,-4.02,1.934280
18550,-4.65,3.596998
18560,2.51,1.747398
18570,5.49,3.735152
18580,-2.99,5.531814
18590,2.24,4.522687
18600,-1.21,33.121666
18610,-3.59,4446.229980
18620,8.00,634973.937500
18630,3.71,34816.039062
18640,-3.89,13588.339844
18650,3.94,29086.152344
18660,1.56,2068.571045
18670,-2.13,1394.573730
18680,4.80,371.312866
18690,0.40,321.894470
18700,-1.56,296.498871
18710,-4.61,198.684219
18720,3.10,68.154930
18730,3.16,44.922024
18740,9.72,28.858871
18750,8.29,24.928825
18760,-2.03,64.358749
18770,9.83,27.986948
18780,4.73,23.789198
18790,0.56,50.818924
18800,7.82,22.132658
18810,9.62,27.179710
18820,3.50,18.377571
18830,2.24,16.211267
18840,5.27,14.387228
18850,0.18,50.729855
18860,6.65,16.962006
18870,7.81,28.985210
18880,-4.45,36.953178
18890,-4.16,69.232849
18900,-2.33,32.150967
18910,0.52,25.975460
18920,-0.97,36.901020
18930,1.93,12.227808
18940,0.15,34.320751
18950,-3.57,24.526907
18960,8.31,9.565685
18970,-2.17,24.675203
18980,-2.90,19.063147
18990,-2.06,26.533077
19000,9.28,8.063103
19010,2.18,8.371821
19020,5.86,10.327604
19030,-0.94,17.581530
19040,3.86,7.164785
19050,-0.77,20.193592
19060,0.43,15.760785
19070,-1.33,23.902920
19080,3.07,5.336871
19090,0.06,29.512642
19100,-1.71,16.832912
19110,5.92,11.228259
19120,3.44,6.426993
19130,1.81,10.274936
19140,7.93,3.626798
19150,-0.33,34.403328
19160,6.85,8.418749
19170,8.75,6.140206
19180,-4.17,17.313007
19190,4.49,4.196617
19200,0.03,17.131279
19210,-2.27,11.215178
19220,2.31,5.134600
19230,1.61,6.170626
19240,3.40,4.133259
19250,6.25,3.515107
19260,-2.58,8.424217
19270,6.13,4.103061
19280,3.79,3.189147
19290,6.18,3.044024
19300,-4.60,16.361738
19310,-1.33,12.015301
19320,3.64,3.334383
19330,9.42,2.689654
19340,2.70,3.442201
19350,6.55,5.345922
19360,1.73,6.898938
19370,0.02,12.114667
19380,2.94,3.586533
19390,8.42,3.793585
19400,1.73,4.022114
19410,-1.32,12.433358
19420,5.95,2.403886
19430,8.03,2.323678
19440,2.48,2.758867
19450,4.29,2.196528
19460,-1.79,9.949712
19470,4.26,2.566205
19480,9.11,2.813548
19490,7.60,2.199384
19500,-3.22,7.516816
19510,7.79,2.009847
19520,-3.18,6.979355
19530,-0.68,8.009556
19540,-2.98,6.642488
19550,6.51,2.239098
19560,2.31,2.698520
19570,-3.08,6.715308
19580,2.97,2.611361
19590,-1.25,6.196008
19600,1.64,3.691567
19610,-1.79,8.003272
19620,3.63,2.194352
19630,9.73,2.346650
19640,0.06,10.340973
19650,2.11,2.601178
19660,3.23,2.028912
19670,-0.33,9.462769
19680,3.78,2.041693
19690,8.99,1.797977
19700,-4.26,8.446916
19710,5.38,1.818911
19720,-4.30,7.514899
19730,7.15,1.924236
19740,-3.56,5.095191
19750,-0.00,8.145304
19760,0.38,5.860346
19770,7.25,1.967433
19780,0.95,6.331550
19790,-1.79,8.162154
19800,-3.72,7.893345
19810,2.48,2.271710
19820,9.39,1.914611
19830,-0.82,7.591612
19840,0.97,4.618838
19850,5.99,1.986549
19860,7.09,1.317463
19870,-3.75,5.843648
19880,-3.53,4.580254
19890,-4.87,8.065247
19900,-0.92,6.736333
19910,-1.15,5.680492
19920,-4.98,10.173504
19930,1.60,3.012488
19940,-3.06,4.260713
19950,-2.41,4.186288
19960,9.16,1.559046
19970,9.08,1.623026
19980,9.72,2.890970
19990,-2.26,4.164638


