0,2.18,1.716882
10,0.03,20.603689
20,2.83,2.269476
30,0.98,15.828951
40,2.30,5.928895
50,5.75,1.862616
60,1.86,1.188293
70,-0.25,1.109616
80,1.36,1.043565
90,9.33,1.015831
100,1.90,1.001666
110,0.14,1.002255
120,-4.86,0.999374
130,0.15,0.998380
140,2.81,0.998995
150,6.02,0.999580
160,7.87,0.997673
170,6.60,0.989012
180,-4.45,0.996854
190,-2.56,0.999813
200,9.95,0.996324
210,1.26,0.994448
220,7.16,0.993962
230,3.38,0.995668
240,7.81,0.996032
250,1.64,1.000903
260,-3.51,1.000019
270,1.20,0.993548
280,6.16,0.997371
290,8.00,0.994798
300,-0.98,0.997712
310,-0.07,0.995534
320,0.11,0.997413
330,-0.32,0.998511
340,0.31,0.995022
350,-0.80,0.996284
360,2.81,0.993619
370,4.91,0.995573
380,-1.64,1.000391
390,8.55,0.997728
400,-1.01,0.993135
410,6.07,0.994918
420,0.24,0.995900
430,0.88,0.995349
440,-4.63,0.995968
450,9.09,0.993342
460,-3.27,0.992611
470,2.25,1.001398
480,5.32,0.996142
490,7.84,0.996346
500,-0.36,0.993424
510,5.30,0.994850
520,1.03,0.996993
530,-4.14,0.996674
540,5.39,0.999611
550,8.74,1.000629
560,7.69,0.997273
570,0.86,0.995946
580,-3.43,0.995107
590,5.16,0.994824
600,6.37,0.995920
610,3.98,0.997882
620,-2.08,1.001621
630,-3.75,0.996481
640,9.17,0.997656
650,9.42,0.995397
660,0.82,0.993571
670,-1.40,0.998348
680,-3.92,0.999450
690,-1.43,0.994626
700,5.04,0.995847
710,-0.84,0.997188
720,9.86,0.994140
730,-2.08,0.998606
740,7.50,0.997193
750,9.69,0.994295
760,8.19,0.997186
770,3.00,1.001280
780,3.70,0.999374
790,-1.34,0.996206
800,8.66,0.995914
810,5.16,1.001058
820,3.79,0.997147
830,0.06,0.994785
840,-2.83,0.998865
850,8.43,0.998016
860,4.84,0.992071
870,-2.17,0.998868
880,9.02,0.996488
890,-2.44,0.995762
900,-0.94,0.995197
910,7.51,1.002188
920,-3.01,0.996174
930,9.57,0.996620
940,5.91,0.993749
950,4.19,0.996511
960,-3.24,0.996091
970,8.05,0.994101
980,4.29,0.996141
990,3.20,0.996993
1000,-4.74,1.000426
1010,5.52,0.998601
1020,9.75,0.994720
1030,1.88,1.000262
1040,-4.13,0.997625
1050,9.84,0.992100
1060,-2.36,0.998738
1070,-1.50,0.996132
1080,5.14,0.997783
1090,-1.16,0.998207
1100,4.45,0.996796
1110,4.68,0.993882
1120,-1.84,0.998566
1130,9.73,1.000176
1140,7.70,0.995025
1150,1.65,0.992776
1160,-0.87,0.992238
1170,7.83,0.993669
1180,7.72,0.996830
1190,6.08,0.995867
1200,-1.37,0.997622
1210,8.61,0.998638
1220,-3.38,0.998723
1230,2.93,0.995690
1240,1.69,1.006063
1250,8.39,0.997018
1260,7.88,1.003781
1270,9.97,1.002108
1280,6.25,1.000855
1290,-3.78,0.999047
1300,0.31,0.996091
1310,7.38,0.997544
1320,-1.45,0.995959
1330,-0.36,0.998154
1340,-1.47,0.998837
1350,0.39,0.998358
1360,9.46,0.994718
1370,1.73,0.997933
1380,4.18,0.991660
1390,-0.98,0.996614
1400,4.66,1.005159
1410,-2.80,0.998595
1420,-1.99,0.995700
1430,7.55,0.998997
1440,8.53,0.998995
1450,-1.34,0.995802
1460,1.03,0.998258
1470,7.37,0.997267
1480,-4.35,0.997184
1490,1.22,0.994497
1500,-4.85,0.996187
1510,9.98,0.998010
1520,5.51,0.999765
1530,9.82,0.998536
1540,1.09,0.996472
1550,5.72,0.996579
1560,-4.97,0.995622
1570,-1.21,1.000618
1580,5.28,0.994440
1590,8.64,0.996897
1600,8.35,0.996284
1610,5.96,0.999312
1620,-1.54,0.994752
1630,4.47,0.999517
1640,-4.74,1.002450
1650,-2.67,0.995855
1660,6.28,0.999091
1670,7.01,0.996877
1680,2.40,0.994545
1690,6.41,0.997287
1700,1.12,0.996856
1710,3.14,1.000688
1720,-1.21,0.995832
1730,-1.50,0.996872
1740,7.48,0.995258
1750,7.36,0.997784
1760,5.58,1.000155
1770,-2.05,0.996545
1780,6.21,0.995440
1790,6.24,0.999269
1800,0.83,0.995515
1810,0.90,0.995406
1820,2.67,0.995753
1830,-3.72,0.999054
1840,4.74,0.997824
1850,3.90,1.000103
1860,-4.30,0.997364
1870,-1.31,0.998556
1880,3.20,0.998358
1890,-1.87,1.000290
1900,-3.81,0.997938
1910,-3.22,0.996087
1920,-2.72,0.997991
1930,-0.78,0.998822
1940,1.47,0.994703
1950,8.98,0.996322
1960,4.60,0.996676
1970,3.71,0.999561
1980,2.26,1.000166
1990,6.04,0.998130
2000,0.24,0.998188
2010,6.56,1.003638
2020,4.10,0.998381
2030,-0.50,1.010363
2040,-2.36,0.999356
2050,4.34,0.998255
2060,3.49,0.996208
2070,5.15,0.998049
2080,1.39,0.995394
2090,0.87,0.997581
2100,-2.05,0.997576
2110,-0.42,1.000481
2120,6.08,0.997203
2130,5.35,0.998524
2140,3.89,0.998809
2150,6.99,0.999953
2160,5.41,1.002426
2170,1.39,1.001336
2180,6.39,1.003325
2190,1.74,1.004166
2200,-0.65,0.997502
2210,-4.02,0.998594
2220,0.77,0.993724
2230,-0.97,0.994168
2240,0.94,1.000318
2250,-1.10,0.995884
2260,8.86,1.000275
2270,6.58,0.999979
2280,5.41,1.000894
2290,5.87,0.995753
2300,3.53,1.005505
2310,0.83,1.007891
2320,6.53,0.995439
2330,5.49,0.997891
2340,9.16,0.996281
2350,-0.01,0.994975
2360,1.98,0.998200
2370,2.60,0.998008
2380,5.53,0.998737
2390,7.00,1.000177
2400,4.90,1.002935
2410,9.78,1.006614
2420,-2.43,1.001078
2430,-4.34,1.000440
2440,9.88,0.994684
2450,-2.16,0.993499
2460,6.35,0.998609
2470,-1.74,0.997016
2480,2.44,0.995807
2490,9.54,0.999385
2500,0.87,1.005531
2510,-1.93,0.998735
2520,-4.29,0.999024
2530,-2.27,0.996020
2540,-4.24,1.002353
2550,0.65,1.004077
2560,6.22,0.999375
2570,6.60,0.995444
2580,-3.49,0.997103
2590,1.46,0.991974
2600,7.51,0.997360
2610,7.85,0.996923
2620,1.15,0.997506
2630,5.70,0.999670
2640,5.56,1.003311
2650,5.67,0.997465
2660,-2.46,0.997501
2670,-0.28,0.997566
2680,0.27,0.995652
2690,3.45,1.000405
2700,-2.59,0.998645
2710,2.50,0.999430
2720,-3.37,0.995067
2730,-1.51,1.004103
2740,5.85,1.000371
2750,0.83,0.994715
2760,8.25,0.999658
2770,-0.89,1.001767
2780,5.24,0.999170
2790,5.94,0.995912
2800,2.38,0.996272
2810,-2.73,1.004172
2820,0.24,0.998749
2830,-2.86,0.997742
2840,-4.68,0.996153
2850,9.32,0.990596
2860,1.78,0.996950
2870,2.71,0.995958
2880,6.47,1.000762
2890,-3.75,0.995521
2900,3.37,0.992092
2910,6.39,1.001402
2920,9.41,0.995135
2930,4.44,0.995643
2940,4.52,1.014482
2950,6.53,1.013515
2960,-4.35,1.010336
2970,4.69,0.999914
2980,6.81,1.008420
2990,-0.47,0.999174
3000,-1.73,0.993640
3010,6.42,0.997020
3020,1.63,0.998863
3030,3.42,0.995400
3040,3.77,0.994941
3050,-3.52,0.993978
3060,-0.36,0.997269
3070,-2.19,0.998671
3080,4.81,0.998697
3090,4.98,1.000617
3100,3.40,0.999096
3110,5.90,0.997345
3120,8.08,1.002244
3130,2.34,1.001910
3140,-2.20,0.997715
3150,-4.22,1.004570
3160,-0.12,0.999023
3170,-0.04,0.993036
3180,0.99,1.007907
3190,0.28,0.995970
3200,-0.87,1.002046
3210,2.79,0.999141
3220,-2.12,0.997966
3230,7.30,0.994487
3240,-0.74,0.997488
3250,5.89,0.994656
3260,9.71,0.999410
3270,0.73,1.001436
3280,6.29,0.996866
3290,-0.83,0.999096
3300,2.43,0.999190
3310,1.86,0.996135
3320,4.14,0.996628
3330,6.51,1.000659
3340,0.31,0.998837
3350,-4.74,0.999411
3360,1.12,0.992128
3370,-2.30,0.999694
3380,-4.38,0.995425
3390,-4.98,0.994425
3400,-0.38,0.995283
3410,1.42,0.999158
3420,9.13,0.996351
3430,-2.79,0.999983
3440,-3.76,0.999507
3450,-1.73,0.998337
3460,-1.33,0.998378
3470,8.27,0.997299
3480,7.21,0.997281
3490,3.55,1.010989
3500,7.07,1.009353
3510,2.23,1.005213
3520,4.05,0.995581
3530,7.17,0.996958
3540,4.14,0.996862
3550,5.78,0.997796
3560,8.86,0.995597
3570,-3.64,0.995916
3580,3.11,0.997465
3590,9.31,1.003130
3600,-2.93,1.004355
3610,1.51,0.996600
3620,-0.49,0.999085
3630,3.92,1.001904
3640,7.49,1.001441
3650,-3.44,1.000828
3660,-3.32,1.004155
3670,-1.66,1.000500
3680,6.30,0.999689
3690,-2.72,0.994696
3700,8.21,0.993797
3710,8.33,0.994718
3720,0.01,0.998660
3730,-1.65,0.997009
3740,7.92,1.002228
3750,9.37,0.997263
3760,3.51,0.998269
3770,4.64,0.996323
3780,5.05,0.999846
3790,-2.03,0.998006
3800,4.69,0.995213
3810,-3.79,0.996219
3820,9.19,0.999839
3830,-3.99,0.999806
3840,-1.73,0.998323
3850,-4.33,0.995115
3860,7.30,0.993005
3870,-1.05,0.997799
3880,0.49,0.998426
3890,1.49,1.000284
3900,-4.23,0.997127
3910,-4.43,0.994239
3920,7.45,0.995654
3930,2.64,0.994796
3940,1.01,0.996280
3950,5.88,0.997731
3960,3.76,0.997313
3970,-0.16,0.994818
3980,4.68,0.994645
3990,8.17,0.996199
4000,-2.54,0.999191
4010,-0.81,0.994211
4020,8.05,0.999500
4030,-3.92,1.001074
4040,7.72,0.997407
4050,4.71,0.996880
4060,-3.73,0.995484
4070,-4.11,0.998141
4080,-2.46,0.994383
4090,1.68,0.995546
4100,9.94,0.997348
4110,4.18,0.999486
4120,-2.01,0.999128
4130,5.90,0.998156
4140,1.85,0.994427
4150,7.57,0.996201
4160,2.01,0.996097
4170,1.48,0.996460
4180,4.18,0.997369
4190,-1.41,0.995518
4200,4.16,0.997311
4210,-4.14,0.995683
4220,-4.26,0.995963
4230,0.65,0.996466
4240,-1.51,0.994855
4250,-1.77,0.998073
4260,8.63,0.996885
4270,-2.81,0.998899
4280,-2.64,0.996956
4290,-1.71,0.997093
4300,8.30,0.995726
4310,-2.78,0.995550
4320,5.50,0.995451
4330,-1.16,0.998113
4340,7.53,0.993030
4350,-1.24,0.996308
4360,8.16,0.994817
4370,8.27,0.995423
4380,4.14,0.995522
4390,-2.19,0.998694
4400,-2.57,0.994561
4410,2.95,0.995380
4420,3.60,0.992625
4430,7.94,0.995202
4440,-0.93,0.996544
4450,-2.88,0.997458
4460,5.85,0.993024
4470,9.77,0.996594
4480,-4.58,0.995944
4490,2.64,0.997070
4500,-2.31,0.996200
4510,0.14,0.999653
4520,-3.01,0.994628
4530,-0.28,0.993768
4540,-2.43,0.994940
4550,-1.20,0.995595
4560,-1.48,0.995650
4570,-2.56,0.996290
4580,4.26,0.995317
4590,-3.05,0.997599
4600,-1.18,0.994414
4610,6.42,0.994631
4620,4.69,0.996654
4630,-3.72,0.994464
4640,-2.51,0.997164
4650,-0.53,0.996894
4660,-1.81,0.998024
4670,-2.84,0.995444
4680,-0.41,0.997409
4690,-1.05,0.996292
4700,9.41,0.995257
4710,-1.81,0.996840
4720,3.17,0.995684
4730,-1.43,0.994969
4740,-4.98,0.994304
4750,1.02,0.998546
4760,2.81,0.999067
4770,3.89,0.993663
4780,-4.89,0.996728
4790,-2.08,0.995840
4800,0.19,0.998332
4810,9.24,0.997506
4820,5.48,0.993038
4830,3.44,0.994695
4840,7.66,0.996913
4850,-1.44,0.996263
4860,3.87,0.998552
4870,3.41,0.996280
4880,6.48,0.995373
4890,2.68,0.997563
4900,6.94,0.995260
4910,-3.62,0.995495
4920,8.14,0.997712
4930,6.07,0.996264
4940,-3.65,0.994605
4950,-2.90,0.996175
4960,-3.08,0.995777
4970,9.86,0.993688
4980,5.54,0.995960
4990,-1.86,0.993562
5000,3.40,0.991330
5010,-4.76,0.992457
5020,-3.25,0.998651
5030,1.10,0.991654
5040,9.91,0.995198
5050,3.99,0.993759
5060,4.41,0.995353
5070,-1.03,0.996502
5080,5.83,0.992284
5090,3.33,0.994089
5100,4.09,0.996847
5110,-2.87,0.994143
5120,0.20,0.996024
5130,1.03,0.994927
5140,-4.54,0.995837
5150,7.83,0.995831
5160,-2.89,0.995344
5170,-0.85,0.993749
5180,5.91,0.994637
5190,-3.46,0.995172
5200,-2.09,0.999633
5210,7.13,0.994732
5220,-4.32,0.995449
5230,-1.19,0.994846
5240,2.56,0.994522
5250,-0.94,0.995391
5260,2.25,0.994297
5270,-0.08,0.996548
5280,-2.76,0.994291
5290,-0.58,0.994337
5300,8.68,0.994594
5310,-1.23,0.992098
5320,0.65,0.993618
5330,-2.73,0.997876
5340,-2.72,0.996232
5350,-3.19,0.995682
5360,-1.65,0.997355
5370,8.58,0.995670
5380,-1.23,0.996733
5390,6.34,0.995260
5400,-0.32,0.995121
5410,5.23,0.994693
5420,-2.87,0.995542
5430,4.86,0.995512
5440,-0.03,0.995981
5450,-4.95,0.994833
5460,8.70,0.995979
5470,2.81,0.994693
5480,7.72,0.997317
5490,-2.75,0.996114
5500,-3.63,0.992895
5510,-0.06,0.995467
5520,-0.78,0.995115
5530,-1.00,0.992700
5540,-3.94,0.993509
5550,2.03,0.992211
5560,1.97,0.996096
5570,2.80,0.994560
5580,4.34,0.995526
5590,7.78,0.998932
5600,5.26,0.994214
5610,7.40,0.998121
5620,8.68,0.994830
5630,8.37,0.995682
5640,-0.69,0.995511
5650,-0.95,0.998388
5660,8.17,0.995644
5670,-1.68,0.995756
5680,0.86,0.995763
5690,7.37,0.993674
5700,5.29,0.996949
5710,8.56,0.997346
5720,1.64,0.996241
5730,1.62,0.993794
5740,-4.54,0.995056
5750,2.49,0.993931
5760,1.51,0.993755
5770,7.50,0.993046
5780,7.31,0.999969
5790,6.54,0.993305
5800,0.89,0.995560
5810,4.84,0.998874
5820,2.83,0.995874
5830,-1.75,0.991949
5840,1.88,0.997162
5850,8.77,0.994977
5860,1.33,0.998552
5870,4.81,0.993682
5880,-1.58,0.994852
5890,-0.33,0.994975
5900,-0.29,0.991191
5910,0.28,0.993825
5920,4.87,0.995921
5930,4.98,0.997483
5940,8.91,0.994938
5950,0.57,0.995810
5960,0.78,0.993331
5970,2.66,0.995862
5980,-4.25,0.997260
5990,9.31,0.996077
6000,-1.75,0.996632
6010,8.83,0.997930
6020,1.21,0.995906
6030,-1.76,0.995490
6040,9.99,0.996372
6050,7.69,0.996654
6060,9.78,0.996303
6070,-2.66,0.996130
6080,9.35,0.996481
6090,-2.23,0.997002
6100,7.98,0.994196
6110,4.49,0.997172
6120,-2.41,0.995823
6130,4.11,0.997809
6140,-0.76,0.996133
6150,-1.42,0.993494
6160,5.37,0.996458
6170,-2.18,0.992768
6180,2.56,0.994418
6190,6.11,0.996314
6200,0.98,0.995350
6210,-2.22,0.994773
6220,2.32,0.995557
6230,8.42,0.996419
6240,-4.79,0.995233
6250,-0.56,0.996707
6260,-4.79,0.995348
6270,7.39,0.996940
6280,-4.02,0.995245
6290,-3.14,0.992761
6300,-0.28,0.993312
6310,3.29,0.994094
6320,-1.03,0.995750
6330,-2.85,0.998134
6340,3.97,0.995883
6350,0.09,0.994392
6360,7.82,0.994112
6370,-2.67,0.995545
6380,3.76,0.992897
6390,6.32,0.995529
6400,7.31,0.995330
6410,-0.40,0.993562
6420,1.87,0.997420
6430,4.95,0.996892
6440,6.69,0.995718
6450,7.75,0.994853
6460,5.69,0.995782
6470,2.89,0.994685
6480,3.73,0.996492
6490,2.68,0.993526
6500,0.83,0.997965
6510,0.98,0.994576
6520,3.75,0.995017
6530,8.27,0.997968
6540,2.51,0.998731
6550,-1.67,0.992772
6560,5.41,0.998301
6570,-3.37,0.994501
6580,-0.50,0.995789
6590,7.55,0.996219
6600,5.52,0.995556
6610,0.82,0.999832
6620,-1.53,0.993947
6630,-3.54,0.996365
6640,0.53,0.995580
6650,2.59,0.996550
6660,4.29,0.994404
6670,-3.31,0.997557
6680,2.44,0.992470
6690,-3.27,0.999452
6700,4.81,0.996426
6710,-2.71,0.995646
6720,7.23,0.995089
6730,-0.56,0.996097
6740,0.88,0.989938
6750,-0.49,0.994884
6760,9.06,0.994485
6770,3.72,0.995775
6780,1.52,0.994313
6790,-0.17,0.996553
6800,5.40,0.992446
6810,4.65,0.997160
6820,8.82,0.994116
6830,5.19,0.995171
6840,1.18,0.996955
6850,-0.44,0.993401
6860,8.47,0.996524
6870,4.21,0.993702
6880,6.96,0.994973
6890,6.50,0.996766
6900,6.60,0.993946
6910,1.95,0.994874
6920,1.04,0.996984
6930,2.10,0.996559
6940,7.47,0.994330
6950,4.03,0.994678
6960,7.76,0.996236
6970,-3.18,0.995181
6980,8.08,0.995976
6990,-1.87,0.995910
7000,6.73,0.999217
7010,8.55,0.997292
7020,0.79,0.996577
7030,-3.52,0.993118
7040,4.29,0.995532
7050,8.67,0.994769
7060,-2.48,0.991936
7070,2.62,0.995521
7080,-4.08,0.995899
7090,0.77,0.993668
7100,-4.76,0.995514
7110,4.02,0.993984
7120,-4.06,0.993665
7130,8.05,0.996026
7140,5.49,0.994319
7150,-4.26,0.994505
7160,-2.53,0.994021
7170,6.05,0.997887
7180,2.34,0.997991
7190,3.84,0.993438
7200,2.74,0.995406
7210,5.33,0.995855
7220,7.51,0.993371
7230,6.49,0.995160
7240,8.77,0.994293
7250,-2.74,0.992876
7260,0.12,0.994358
7270,0.83,0.992754
7280,-1.56,0.995042
7290,-4.99,0.996551
7300,9.36,0.998455
7310,2.57,0.995363
7320,-0.60,0.995188
7330,-0.98,0.994529
7340,-3.87,0.994809
7350,0.48,0.993989
7360,0.53,0.995030
7370,-0.28,0.997379
7380,-1.04,0.996158
7390,4.02,0.994614
7400,7.42,0.994519
7410,1.70,0.996349
7420,-1.76,0.996960
7430,7.33,0.996177
7440,-1.99,0.998476
7450,-3.30,0.995304
7460,1.57,0.993685
7470,9.79,0.994986
7480,-1.90,0.993560
7490,-0.84,0.994272
7500,8.94,0.996997
7510,5.43,0.997208
7520,6.62,0.993224
7530,-4.53,0.995115
7540,0.25,0.996098
7550,2.36,0.994158
7560,-2.48,0.996237
7570,8.26,1.000338
7580,1.51,0.996259
7590,-4.73,0.995188
7600,5.07,0.995978
7610,1.35,0.996449
7620,8.63,0.994011
7630,2.45,0.994020
7640,2.79,0.993986
7650,4.23,0.993886
7660,8.25,0.993819
7670,2.81,0.995104
7680,1.45,0.995239
7690,1.18,0.990301
7700,3.55,0.996265
7710,1.00,0.998699
7720,3.35,0.995042
7730,-2.41,0.995617
7740,6.47,0.996028
7750,-4.86,0.996450
7760,-0.60,0.992629
7770,3.85,0.993605
7780,5.30,0.994324
7790,1.28,0.997512
7800,7.85,0.997189
7810,6.89,0.990984
7820,-1.44,0.993900
7830,7.10,0.995082
7840,-2.35,0.995648
7850,2.26,0.991687
7860,-3.57,0.993673
7870,-4.95,0.992920
7880,2.11,0.992104
7890,-4.08,0.993566
7900,1.03,0.995549
7910,0.88,0.993875
7920,0.82,0.993278
7930,7.61,0.991511
7940,3.65,1.000004
7950,-3.71,0.995313
7960,8.01,0.995222
7970,-1.91,0.995573
7980,4.85,0.998567
7990,2.78,0.996008
8000,8.53,0.995773
8010,2.64,0.993170
8020,-1.72,0.994507
8030,5.55,0.993010
8040,-0.94,0.992434
8050,-3.37,0.995131
8060,-3.09,0.995563
8070,3.88,0.995321
8080,5.69,0.994491
8090,3.44,0.992055
8100,8.45,0.995203
8110,7.15,0.996758
8120,-1.69,0.993545
8130,7.88,0.995759
8140,4.45,0.995601
8150,8.09,0.995510
8160,3.44,0.995372
8170,7.30,0.994350
8180,5.13,0.996870
8190,5.95,0.993990
8200,-2.54,0.993909
8210,-1.21,0.995400
8220,7.77,0.992920
8230,6.06,0.994230
8240,6.77,0.994189
8250,6.61,0.998342
8260,7.41,0.994677
8270,4.39,0.994665
8280,3.54,0.995259
8290,1.78,0.994008
8300,3.32,0.996980
8310,-1.56,0.998860
8320,2.08,0.994893
8330,2.81,0.993530
8340,5.97,0.996459
8350,7.04,0.996563
8360,-1.01,0.994892
8370,8.70,0.992960
8380,2.92,0.993530
8390,-1.04,0.993450
8400,4.93,0.992818
8410,3.63,0.996618
8420,-2.12,0.993815
8430,-3.60,0.997883
8440,9.24,0.993427
8450,-4.04,0.991968
8460,5.38,0.995968
8470,4.67,0.994364
8480,7.91,0.996930
8490,5.60,0.998510
8500,9.48,0.993708
8510,-1.47,0.995678
8520,6.08,0.992992
8530,-2.45,0.995018
8540,-3.62,0.994070
8550,1.64,0.993428
8560,0.41,0.991647
8570,2.75,0.992481
8580,-3.81,0.993997
8590,9.35,0.995215
8600,-2.95,0.993642
8610,3.09,0.995033
8620,3.43,0.995428
8630,7.39,0.995379
8640,-2.91,0.995967
8650,2.14,0.993274
8660,-1.61,0.993523
8670,8.89,0.991310
8680,2.26,0.995266
8690,-1.65,0.998053
8700,-0.44,0.995961
8710,9.75,0.995467
8720,1.40,0.994852
8730,4.74,0.995832
8740,9.12,0.996715
8750,1.11,0.993508
8760,6.50,0.990139
8770,8.13,0.993446
8780,0.14,0.992732
8790,7.43,0.995146
8800,9.97,0.996149
8810,1.74,0.995559
8820,-0.45,0.991557
8830,-2.57,0.996974
8840,-3.45,0.996721
8850,2.93,0.992375
8860,7.28,0.996058
8870,-0.63,0.992646
8880,-4.29,0.995484
8890,-4.46,0.996381
8900,4.41,0.994380
8910,6.41,0.994254
8920,-1.80,0.998147
8930,-4.96,0.992724
8940,3.22,0.993045
8950,3.64,0.994509
8960,-0.67,0.996834
8970,8.45,0.996753
8980,1.71,0.995903
8990,8.21,0.993008
9000,-4.19,0.994631
9010,1.03,0.995411
9020,-3.14,0.994531
9030,3.57,0.995410
9040,-1.87,0.995267
9050,6.31,0.992940
9060,4.28,0.996094
9070,6.84,0.995952
9080,4.43,0.993881
9090,4.96,0.995542
9100,7.09,0.995740
9110,4.34,0.996852
9120,-0.30,0.996744
9130,4.29,0.995055
9140,-3.52,0.997851
9150,-0.07,0.995524
9160,3.49,0.995672
9170,6.86,0.994685
9180,9.98,0.994144
9190,8.51,0.999017
9200,8.51,0.992959
9210,0.02,0.996936
9220,9.59,0.998908
9230,4.06,0.996055
9240,1.92,0.994929
9250,7.62,0.994555
9260,-0.63,0.998289
9270,-2.85,0.994641
9280,-4.60,0.996862
9290,5.85,0.997528
9300,1.32,0.994427
9310,4.20,0.994365
9320,5.74,0.994596
9330,1.70,0.995986
9340,9.00,0.994384
9350,1.50,0.995179
9360,7.89,0.994783
9370,1.16,0.991343
9380,4.10,0.997950
9390,8.95,0.992721
9400,7.41,0.995825
9410,-4.25,0.994008
9420,9.06,0.996215
9430,1.50,0.996101
9440,2.48,0.993590
9450,5.89,0.994602
9460,-1.42,0.991296
9470,-3.36,0.992028
9480,-3.42,0.997517
9490,-4.79,0.996598
9500,2.89,0.994882
9510,0.54,0.996679
9520,3.18,0.995838
9530,2.07,0.994562
9540,2.46,0.998029
9550,4.05,0.993126
9560,0.26,0.998765
9570,7.82,0.994022
9580,7.01,0.996709
9590,3.34,0.993182
9600,5.55,0.996431
9610,4.02,0.994965
9620,9.63,0.996818
9630,-4.53,0.993580
9640,-0.89,0.992719
9650,9.66,0.996294
9660,8.45,0.993805
9670,-3.86,0.994228
9680,2.63,0.995183
9690,-1.74,0.993729
9700,5.89,0.995994
9710,3.57,0.994116
9720,7.98,0.994306
9730,0.08,0.995262
9740,6.83,0.994754
9750,9.29,0.996526
9760,7.61,0.995703
9770,-4.19,0.995275
9780,9.31,0.997499
9790,-3.69,0.995602
9800,-4.07,0.994821
9810,9.37,0.991179
9820,-0.00,0.994212
9830,3.69,0.995094
9840,-4.99,0.996158
9850,3.31,0.995463
9860,-1.76,0.992132
9870,4.95,0.996029
9880,-3.71,0.993317
9890,3.15,0.996082
9900,7.85,0.993867
9910,3.01,0.995444
9920,-2.04,0.995780
9930,0.14,0.995087
9940,1.16,0.992244
9950,5.25,0.994722
9960,-4.86,0.995527
9970,-2.93,0.996772
9980,9.94,0.993900
9990,-4.23,0.994595
10000,1.78,0.993819
10010,9.20,0.996155
10020,1.53,0.995939
10030,2.57,0.994406
10040,4.83,0.994354
10050,3.37,0.994401
10060,-3.03,0.994531
10070,6.93,0.995225
10080,0.36,0.993956
10090,8.56,0.995938
10100,7.20,0.995898
10110,4.41,0.997600
10120,2.94,0.996062
10130,3.99,0.995805
10140,-3.73,0.996983
10150,-3.10,0.996160
10160,-0.23,0.995451
10170,1.32,0.994816
10180,5.09,0.993870
10190,0.17,0.997341
10200,7.63,0.993990
10210,3.37,0.994723
10220,-1.13,0.994726
10230,9.44,0.994104
10240,2.35,0.992175
10250,1.56,0.993642
10260,-3.35,0.994517
10270,0.68,0.993848
10280,-3.34,0.994906
10290,0.97,0.994719
10300,6.91,0.996316
10310,7.22,0.996590
10320,1.77,0.994728
10330,9.85,0.998484
10340,-3.45,0.996309
10350,7.05,0.994145
10360,-0.55,0.996630
10370,3.62,0.993315
10380,-3.55,0.996756
10390,2.27,0.995749
10400,8.60,0.993453
10410,4.20,0.996867
10420,-3.44,0.998212
10430,-1.20,0.993981
10440,4.71,0.995463
10450,7.49,0.994447
10460,-4.60,0.996103
10470,-3.29,0.993986
10480,1.78,0.993724
10490,3.42,0.993757
10500,-2.07,0.998987
10510,-0.73,0.995731
10520,9.06,0.995898
10530,-4.34,0.996062
10540,9.44,0.995279
10550,7.08,0.993287
10560,1.29,0.994515
10570,-2.28,0.996148
10580,7.25,0.996234
10590,-3.01,0.995457
10600,8.99,0.993761
10610,1.04,0.993174
10620,8.22,0.992258
10630,-4.88,0.996420
10640,7.05,0.996405
10650,3.08,0.994163
10660,5.48,0.995908
10670,-4.36,0.994680
10680,0.96,0.994828
10690,8.34,0.994598
10700,-0.33,0.996382
10710,6.88,0.994009
10720,-0.24,0.994261
10730,1.72,0.993009
10740,4.03,0.997832
10750,1.19,0.997401
10760,-1.06,0.993621
10770,-3.55,0.995164
10780,-4.41,0.994396
10790,-3.24,0.997969
10800,3.18,0.990653
10810,-0.96,0.993385
10820,3.25,0.996494
10830,0.48,0.995098
10840,5.45,0.993908
10850,7.48,0.993300
10860,4.09,0.994715
10870,-2.01,0.994618
10880,-0.95,0.995511
10890,-0.37,0.995974
10900,-1.68,0.992508
10910,4.92,0.994637
10920,6.33,0.993766
10930,-3.47,0.996484
10940,-2.27,0.995876
10950,8.21,0.995064
10960,7.54,0.993956
10970,3.54,0.993048
10980,5.38,0.993219
10990,1.52,0.997826
11000,2.82,0.995106
11010,-1.97,0.997229
11020,-2.63,0.993070
11030,6.01,0.997363
11040,0.38,0.995416
11050,7.58,0.994233
11060,7.47,0.993726
11070,3.26,0.995286
11080,5.03,0.992032
11090,8.04,0.994361
11100,0.41,0.993657
11110,9.33,0.992476
11120,2.26,0.992572
11130,0.01,0.994644
11140,-0.72,0.997843
11150,8.50,0.994018
11160,8.09,0.995307
11170,4.77,0.992688
11180,1.14,0.996219
11190,0.08,0.991636
11200,9.84,0.995989
11210,-0.47,0.995824
11220,-1.97,0.997123
11230,9.64,0.991935
11240,-4.67,0.994598
11250,5.47,0.998932
11260,8.71,0.992487
11270,1.05,0.998237
11280,-1.57,0.992179
11290,4.17,0.996402
11300,6.54,0.996454
11310,4.86,0.996809
11320,4.78,0.994198
11330,8.34,0.992813
11340,7.61,0.993445
11350,0.09,0.993386
11360,0.19,0.997553
11370,-4.25,0.992568
11380,-3.14,0.991683
11390,5.92,0.996308
11400,-2.74,0.998918
11410,-2.31,0.994026
11420,3.22,0.997931
11430,5.82,0.994672
11440,-0.80,0.995864
11450,-4.37,0.995931
11460,-0.84,0.992985
11470,9.81,0.994900
11480,-1.53,0.993269
11490,7.86,0.993256
11500,-0.12,0.995579
11510,6.87,0.997367
11520,7.98,0.994824
11530,-3.63,0.995205
11540,6.38,0.994556
11550,1.13,0.994326
11560,4.84,0.995971
11570,2.89,0.994726
11580,4.91,0.995070
11590,0.99,0.996403
11600,3.62,0.995319
11610,5.22,0.993029
11620,2.04,0.992347
11630,8.59,0.991661
11640,6.83,0.994758
11650,7.48,0.995416
11660,9.40,0.994323
11670,1.49,0.993150
11680,3.86,0.992660
11690,3.95,0.997567
11700,-4.96,0.995427
11710,7.97,0.994014
11720,3.69,0.993946
11730,9.10,0.994275
11740,8.39,0.993668
11750,-4.56,0.995645
11760,-1.64,0.992676
11770,3.95,0.992898
11780,8.00,0.995139
11790,6.38,0.996021
11800,-1.32,0.993852
11810,-2.36,0.994705
11820,3.58,0.992970
11830,-4.56,0.995816
11840,-0.75,0.991927
11850,-2.93,0.995547
11860,-2.06,0.994214
11870,-2.24,0.993083
11880,0.60,0.996136
11890,9.37,0.992267
11900,-0.75,0.998523
11910,4.99,0.993674
11920,2.88,0.996459
11930,2.26,0.995873
11940,7.12,0.994587
11950,6.59,0.995891
11960,5.74,0.995487
11970,0.20,0.994197
11980,5.03,0.995499
11990,8.18,0.995023
12000,5.44,0.993674
12010,-1.98,0.995227
12020,-1.06,0.995882
12030,-2.00,0.995919
12040,6.90,0.994878
12050,2.72,0.994173
12060,1.24,0.994404
12070,6.13,0.996674
12080,7.55,0.995602
12090,5.28,0.994510
12100,1.96,0.992577
12110,-3.89,0.994296
12120,8.32,0.994800
12130,7.73,0.997441
12140,-3.63,0.994433
12150,-3.03,0.992810
12160,-4.63,0.997043
12170,-1.13,0.994022
12180,5.10,0.996520
12190,-1.80,0.994242
12200,-2.07,0.994887
12210,-1.74,0.993368
12220,-2.34,0.995242
12230,8.13,0.994211
12240,1.89,0.993764
12250,8.40,0.997369
12260,6.95,0.994959
12270,1.61,0.995175
12280,0.03,0.993787
12290,-3.86,0.996354
12300,8.77,0.994770
12310,0.14,0.994309
12320,-3.38,0.991675
12330,6.29,0.997683
12340,-2.81,0.992420
12350,-1.49,0.993720
12360,8.55,0.997477
12370,0.45,0.991003
12380,5.04,0.992324
12390,5.19,0.990487
12400,-0.86,0.994220
12410,-3.16,0.991912
12420,-0.26,0.995195
12430,1.30,0.992926
12440,7.43,0.995604
12450,9.92,0.993638
12460,4.68,0.994089
12470,2.84,0.993080
12480,4.57,0.996120
12490,0.69,0.994177
12500,0.01,0.995932
12510,6.34,0.994713
12520,3.45,0.997992
12530,-3.34,0.995075
12540,7.56,0.993057
12550,1.42,0.991570
12560,7.46,0.993639
12570,6.86,0.995586
12580,-0.72,0.993362
12590,2.29,0.993695
12600,-4.00,0.992722
12610,-2.35,0.993414
12620,-4.67,0.995565
12630,0.21,0.997424
12640,3.00,0.996728
12650,4.51,0.995113
12660,2.21,0.994466
12670,2.19,0.995321
12680,0.72,0.996171
12690,-3.55,0.997142
12700,3.89,0.993679
12710,4.21,0.997645
12720,8.97,0.996733
12730,-1.27,0.995644
12740,9.37,0.994556
12750,-1.24,0.993723
12760,1.78,0.994956
12770,-1.80,0.997910
12780,7.70,0.993691
12790,4.48,0.994478
12800,1.29,0.996560
12810,2.47,0.996091
12820,-3.98,0.994452
12830,-3.45,0.995362
12840,0.21,0.993851
12850,2.91,0.997478
12860,-3.56,0.994879
12870,4.38,0.994318
12880,7.91,0.995519
12890,2.07,0.996928
12900,9.50,0.992241
12910,1.12,0.994836
12920,7.67,0.994855
12930,-2.16,0.996276
12940,8.38,0.991555
12950,0.19,0.992909
12960,0.38,0.993024
12970,3.13,0.993866
12980,-1.49,0.993997
12990,4.08,0.993183
13000,8.17,0.993244
13010,3.74,0.994360
13020,2.64,0.995046
13030,2.82,0.993949
13040,-3.82,0.995303
13050,6.36,0.993586
13060,0.27,0.995768
13070,-2.90,0.996012
13080,-4.88,0.995003
13090,1.13,0.993675
13100,9.44,0.993753
13110,2.84,0.995291
13120,0.73,0.993645
13130,7.33,0.994568
13140,9.25,0.995255
13150,3.88,0.995093
13160,7.61,0.993438
13170,4.65,0.994065
13180,4.70,0.991656
13190,-4.68,0.995690
13200,5.00,0.992787
13210,1.45,0.997537
13220,-3.89,0.995460
13230,7.98,0.995348
13240,2.67,0.995259
13250,6.40,0.992692
13260,-1.59,0.994211
13270,2.88,0.993692
13280,3.08,0.993187
13290,6.21,0.995190
13300,-2.97,0.995101
13310,-3.66,0.992352
13320,-2.98,0.994383
13330,4.41,0.995320
13340,-2.80,0.993927
13350,9.09,0.995740
13360,4.99,0.996118
13370,2.90,0.992547
13380,-4.14,0.996629
13390,2.53,0.995284
13400,5.66,0.995456
13410,4.12,0.994762
13420,-3.05,0.994609
13430,2.23,0.994727
13440,8.44,0.996512
13450,3.81,0.996326
13460,5.76,0.996641
13470,7.20,0.993583
13480,-1.12,0.992028
13490,-3.37,0.994268
13500,9.05,0.996498
13510,6.29,0.994574
13520,-1.76,0.993368
13530,1.90,0.996875
13540,-1.20,0.996498
13550,6.45,0.994601
13560,4.80,0.993764
13570,-2.90,0.992383
13580,7.87,0.997080
13590,4.20,0.994494
13600,-0.83,0.995694
13610,3.72,0.992974
13620,3.77,0.994563
13630,5.95,0.996409
13640,6.40,0.994472
13650,8.66,0.993747
13660,7.80,0.994474
13670,2.40,0.993192
13680,-4.42,0.994287
13690,6.80,0.995540
13700,4.37,0.993035
13710,0.11,0.992912
13720,8.68,0.993450
13730,-0.26,0.994900
13740,6.68,0.995589
13750,1.22,0.996563
13760,8.61,0.997192
13770,-2.89,0.996055
13780,2.75,0.995769
13790,3.29,0.998935
13800,6.63,0.993993
13810,2.03,0.995501
13820,7.71,0.995742
13830,8.06,0.993558
13840,4.88,0.996361
13850,-4.05,0.994558
13860,-1.86,0.996381
13870,7.92,0.994852
13880,-4.04,0.992168
13890,7.09,0.991148
13900,8.98,0.993637
13910,-0.06,0.997256
13920,6.11,0.996197
13930,8.49,0.993903
13940,5.06,0.995951
13950,8.22,0.993141
13960,-2.40,0.993045
13970,-3.69,0.995328
13980,-3.63,0.993628
13990,5.69,0.997231
14000,3.34,0.994558
14010,-3.39,0.995638
14020,-4.19,0.993937
14030,8.76,0.995389
14040,6.81,0.994905
14050,-0.34,0.995165
14060,3.46,0.993062
14070,-1.09,0.996772
14080,7.04,0.991839
14090,-2.70,0.996608
14100,6.12,0.993831
14110,-0.29,0.993811
14120,-1.81,0.995034
14130,-0.46,0.995677
14140,-2.30,0.993887
14150,8.59,0.993557
14160,-0.62,0.995122
14170,8.96,0.991665
14180,5.80,0.993953
14190,0.88,0.992400
14200,-4.77,0.994266
14210,-1.59,0.994698
14220,4.32,0.995044
14230,-0.44,0.998084
14240,3.87,0.994964
14250,1.95,0.991530
14260,5.85,0.995074
14270,0.13,0.994682
14280,-2.93,0.994746
14290,1.80,0.991124
14300,-2.26,0.995602
14310,5.46,0.993366
14320,7.62,0.996343
14330,6.59,0.995869
14340,6.47,0.994780
14350,5.06,0.993790
14360,8.66,0.992295
14370,1.45,0.994016
14380,1.59,0.992131
14390,9.05,0.992103
14400,7.40,0.994179
14410,-2.98,0.994366
14420,4.62,0.993690
14430,-1.54,0.994140
14440,-1.89,0.993392
14450,9.71,0.995867
14460,0.62,0.996614
14470,2.13,0.996365
14480,1.04,0.992853
14490,4.30,0.996669
14500,8.13,0.994650
14510,5.81,0.995291
14520,3.76,0.994094
14530,6.25,0.999657
14540,1.87,0.994230
14550,4.82,0.996611
14560,-0.31,0.994877
14570,-1.32,0.993130
14580,0.87,0.994122
14590,3.05,0.995377
14600,-3.55,0.995237
14610,-0.23,0.991434
14620,7.20,0.996466
14630,-4.19,0.996048
14640,-4.92,0.994990
14650,3.22,0.993704
14660,0.99,0.996121
14670,8.71,0.993986
14680,-1.78,0.999584
14690,7.82,0.995286
14700,7.77,0.994820
14710,2.79,0.993958
14720,-3.78,0.997711
14730,8.61,0.994504
14740,9.45,0.995152
14750,-0.78,0.994017
14760,-3.11,0.996005
14770,8.19,0.993412
14780,2.13,0.993605
14790,-3.09,0.994709
14800,-1.15,0.994712
14810,-1.83,0.993006
14820,9.33,0.996558
14830,3.85,0.996705
14840,-3.75,0.994686
14850,1.06,0.995579
14860,5.09,0.997260
14870,5.12,0.996123
14880,-2.63,0.995229
14890,2.94,0.994300
14900,-0.20,0.995241
14910,9.48,0.993438
14920,1.38,0.994378
14930,6.25,0.994320
14940,6.85,0.996663
14950,-4.84,0.991681
14960,7.57,0.994312
14970,1.28,0.996433
14980,9.02,0.997921
14990,5.48,0.992426
15000,7.32,0.994270
15010,9.56,0.997472
15020,4.80,0.993790
15030,6.47,0.995868
15040,7.84,0.995064
15050,-3.24,0.994636
15060,0.40,0.994468
15070,8.26,0.992408
15080,-1.59,0.993989
15090,8.48,0.993986
15100,-1.52,0.995966
15110,2.04,0.998047
15120,0.72,0.993807
15130,-1.95,0.996486
15140,3.85,0.995311
15150,3.68,0.997041
15160,1.65,0.994748
15170,-1.19,0.993718
15180,-0.17,0.996072
15190,-4.95,0.994422
15200,6.94,0.998386
15210,-1.22,0.995884
15220,2.40,0.993202
15230,-0.27,0.996062
15240,-2.28,0.995574
15250,-3.67,0.997174
15260,-0.79,0.995332
15270,7.76,0.997106
15280,2.34,0.996212
15290,0.41,0.995566
15300,5.64,0.993738
15310,1.74,0.996994
15320,5.32,0.996929
15330,0.05,0.995722
15340,5.44,0.991541
15350,7.46,0.994386
15360,8.96,0.994550
15370,-0.81,0.996522
15380,-0.78,0.993177
15390,2.15,0.997626
15400,-4.73,0.997163
15410,4.92,0.993490
15420,-2.76,0.995406
15430,-3.49,0.996019
15440,1.22,0.995329
15450,2.77,0.993350
15460,9.17,0.995688
15470,3.04,0.995605
15480,1.59,0.997661
15490,2.73,0.995208
15500,4.01,0.994286
15510,6.50,0.995019
15520,2.11,0.996182
15530,-1.56,0.994617
15540,3.84,0.997863
15550,8.27,0.994880
15560,0.84,0.994436
15570,-2.65,0.995079
15580,8.93,0.990891
15590,2.10,0.995275
15600,7.51,0.995340
15610,1.63,0.994324
15620,8.49,0.994551
15630,8.33,0.994087
15640,0.71,0.994294
15650,4.24,0.994576
15660,4.95,0.995698
15670,4.14,0.997934
15680,-0.13,0.996146
15690,8.78,0.994095
15700,2.32,0.994696
15710,7.95,0.995120
15720,9.71,0.995138
15730,-3.77,0.996023
15740,5.48,0.994875
15750,0.85,0.995290
15760,5.53,0.995702
15770,7.52,0.998258
15780,-3.20,0.992836
15790,-1.58,0.994927
15800,1.30,0.994706
15810,6.85,0.996906
15820,-1.84,0.992516
15830,2.34,0.996479
15840,4.26,0.994536
15850,7.37,0.994069
15860,2.11,0.994567
15870,8.90,0.996321
15880,-0.73,0.994406
15890,1.15,0.995924
15900,4.86,0.995394
15910,3.66,0.990796
15920,-2.41,0.997278
15930,9.02,0.994029
15940,7.75,0.996710
15950,-2.42,0.995418
15960,5.38,0.999576
15970,5.27,0.998107
15980,-2.76,0.994176
15990,8.31,0.992679
16000,4.44,0.995138
16010,8.03,0.996322
16020,2.27,0.993949
16030,9.17,0.999281
16040,9.14,0.996754
16050,-0.64,0.994861
16060,-2.17,0.994115
16070,3.87,0.992943
16080,0.99,0.996414
16090,7.43,0.995991
16100,6.85,0.994300
16110,6.36,0.993323
16120,2.90,0.996385
16130,-1.76,0.996561
16140,3.17,0.992032
16150,1.91,0.994203
16160,5.63,0.995770
16170,2.53,0.993857
16180,-4.82,0.996380
16190,-0.77,0.995741
16200,-1.28,0.994811
16210,2.58,0.995137
16220,0.63,0.994202
16230,8.72,0.995152
16240,9.90,0.995049
16250,1.54,0.994159
16260,-4.40,0.995981
16270,0.34,0.995597
16280,3.78,0.993986
16290,8.12,0.996625
16300,1.88,0.994750
16310,7.21,0.992709
16320,1.49,0.995085
16330,6.78,0.997397
16340,6.45,0.995524
16350,4.47,0.994465
16360,1.33,0.995015
16370,-2.34,0.992652
16380,-3.41,0.993465
16390,-4.92,0.998062
16400,9.99,0.995854
16410,-1.55,0.996197
16420,-2.75,0.997640
16430,1.99,0.993494
16440,-1.87,0.996604
16450,3.84,0.994268
16460,9.73,0.995663
16470,2.78,0.996903
16480,4.65,0.991550
16490,0.52,0.996333
16500,8.47,0.994603
16510,-3.18,0.995038
16520,5.44,0.989312
16530,-2.01,0.991617
16540,0.27,0.994441
16550,1.76,0.996398
16560,4.06,0.996837
16570,0.92,0.993559
16580,-3.38,0.995568
16590,-0.35,0.994761
16600,1.76,0.995756
16610,1.90,0.995528
16620,6.57,0.998474
16630,4.80,0.992223
16640,9.43,0.995856
16650,4.24,0.994035
16660,-4.45,0.995226
16670,1.57,0.992740
16680,1.76,0.995757
16690,8.29,0.996112
16700,2.11,0.992357
16710,2.20,0.995614
16720,-1.50,0.997001
16730,6.53,0.997186
16740,-1.11,0.995288
16750,9.22,0.997438
16760,-4.13,0.992998
16770,8.71,0.993887
16780,5.32,0.992556
16790,-3.82,0.992901
16800,-2.37,0.996076
16810,8.03,0.993781
16820,0.10,0.995263
16830,5.65,0.996769
16840,8.18,0.996835
16850,-3.79,0.995181
16860,-2.68,0.996559
16870,6.44,0.994408
16880,-3.09,0.997178
16890,0.33,0.997007
16900,-1.49,0.994902
16910,7.99,0.998636
16920,-1.95,0.995765
16930,7.57,0.994164
16940,6.95,0.995242
16950,7.84,0.995994
16960,-0.84,0.995389
16970,4.01,0.993231
16980,6.41,0.994227
16990,-4.84,0.996063
17000,-3.17,0.994269
17010,-3.16,0.997417
17020,4.44,0.995541
17030,7.88,0.992489
17040,6.94,0.994099
17050,1.36,0.993956
17060,-4.10,0.994751
17070,4.63,0.995136
17080,9.52,0.994669
17090,-4.47,0.991522
17100,7.76,0.994374
17110,1.27,0.994425
17120,7.46,0.995686
17130,8.48,0.992573
17140,9.06,0.993841
17150,-3.04,0.995395
17160,0.78,0.995531
17170,-2.05,0.996226
17180,0.41,0.994244
17190,-0.35,0.993027
17200,7.94,0.998009
17210,-2.53,0.996900
17220,-0.51,0.994989
17230,5.95,0.994808
17240,3.70,0.995027
17250,-0.73,0.996577
17260,9.07,0.996279
17270,9.59,0.997175
17280,5.42,0.990974
17290,5.42,0.995155
17300,6.87,0.996962
17310,-4.65,0.996119
17320,5.27,0.995040
17330,3.81,0.994144
17340,3.94,0.993879
17350,3.03,0.994094
17360,1.24,0.993987
17370,8.91,0.994921
17380,-0.45,0.996813
17390,0.68,0.994384
17400,3.40,0.990600
17410,6.80,0.993540
17420,4.07,0.996107
17430,8.21,0.995511
17440,9.12,0.995815
17450,7.43,0.999038
17460,-4.70,0.996608
17470,5.37,0.994266
17480,9.16,0.996789
17490,5.45,0.991922
17500,3.83,0.995970
17510,0.73,0.995063
17520,6.11,0.993664
17530,5.23,0.995949
17540,8.45,0.993519
17550,-2.08,0.994669
17560,9.53,0.995110
17570,3.57,0.994755
17580,-4.62,0.994408
17590,-1.66,0.993888
17600,2.30,0.996515
17610,9.54,0.995032
17620,4.35,0.995135
17630,5.82,0.994483
17640,-4.65,0.995821
17650,-1.28,0.998892
17660,-3.95,0.995141
17670,2.01,0.995774
17680,-3.92,0.990754
17690,-1.08,0.997399
17700,0.97,0.995230
17710,0.19,0.994537
17720,9.10,0.995812
17730,-0.11,0.993632
17740,7.52,0.993268
17750,3.00,0.995167
17760,8.61,0.995352
17770,-3.06,0.995433
17780,5.50,1.000992
17790,7.99,0.994748
17800,-3.02,0.995052
17810,4.29,0.993342
17820,-1.38,0.995042
17830,-1.72,0.994370
17840,-1.59,0.993841
17850,2.54,0.993759
17860,-4.55,0.994040
17870,1.68,0.994024
17880,0.64,0.992121
17890,8.19,0.996508
17900,-3.78,0.998126
17910,-4.03,0.996700
17920,2.85,0.998208
17930,-4.99,0.994093
17940,2.44,0.992838
17950,-1.70,0.994757
17960,-4.20,0.995098
17970,-4.37,0.992251
17980,8.75,0.994719
17990,0.09,0.992247
18000,5.79,0.994852
18010,2.51,0.994387
18020,8.90,0.995918
18030,-1.34,0.994476
18040,6.31,0.994585
18050,-4.84,0.996553
18060,0.75,0.994096
18070,-3.55,0.995274
18080,2.38,0.993399
18090,6.11,0.995907
18100,4.37,0.995030
18110,-0.52,0.992352
18120,-4.23,0.996122
18130,2.92,0.994875
18140,-4.36,0.994271
18150,0.00,0.993717
18160,8.19,0.994522
18170,3.48,0.996812
18180,6.73,0.996757
18190,-3.64,0.994898
18200,5.59,0.992844
18210,-2.02,0.993352
18220,9.13,0.994547
18230,2.38,0.996542
18240,5.93,0.996729
18250,7.18,0.992255
18260,9.42,0.991074
18270,8.66,0.996129
18280,0.70,0.993927
18290,8.96,0.996372
18300,0.12,0.993975
18310,7.74,0.997169
18320,-0.46,0.996554
18330,-2.41,0.994407
18340,9.68,0.994312
18350,9.55,0.993550
18360,0.92,0.996086
18370,8.46,0.996525
18380,2.53,0.995320
18390,1.74,0.994027
18400,-2.82,0.997702
18410,1.01,0.994667
18420,5.69,0.994707
18430,-1.81,0.993377
18440,-3.12,0.998037
18450,9.94,0.994616
18460,7.44,0.995551
18470,6.69,0.995999
18480,9.42,0.996862
18490,-2.76,0.996872
18500,7.26,0.995389
18510,9.58,0.996268
18520,-0.69,0.996616
18530,1.38,0.993940
18540,2.94,0.995604
18550,-1.67,0.996925
18560,5.09,0.994556
18570,-2.79,0.993654
18580,6.44,0.993597
18590,8.15,0.994780
18600,0.83,0.992432
18610,-2.46,0.995804
18620,4.79,0.994553
18630,-0.16,0.995100
18640,-0.23,0.993960
18650,9.52,0.994099
18660,6.97,0.995173
18670,4.16,0.993549
18680,7.01,0.988762
18690,9.59,0.994764
18700,0.37,0.993871
18710,3.08,0.997239
18720,-2.26,0.996104
18730,-0.49,0.995372
18740,3.71,0.991005
18750,2.14,0.993357
18760,-4.22,0.993898
18770,-0.04,0.995908
18780,-1.10,0.992323
18790,-0.98,0.995088
18800,0.28,0.994991
18810,0.84,0.994844
18820,1.88,0.992975
18830,0.06,0.996854
18840,4.50,0.992926
18850,-2.14,0.995301
18860,-0.53,0.994933
18870,7.90,0.995616
18880,-1.44,0.994359
18890,1.70,0.990181
18900,-2.10,0.994255
18910,-2.19,0.992362
18920,3.17,0.996697
18930,-3.73,0.995501
18940,1.23,0.995770
18950,9.54,0.995854
18960,3.33,0.993989
18970,8.60,0.994005
18980,9.15,0.993880
18990,-2.45,0.998765
19000,4.31,0.995148
19010,1.34,0.996773
19020,-4.93,0.996232
19030,2.03,0.997464
19040,0.22,0.995600
19050,1.46,0.990847
19060,-1.35,0.991639
19070,4.27,0.992380
19080,0.85,0.994712
19090,0.86,0.996016
19100,-1.16,0.995068
19110,5.98,0.992025
19120,-2.55,0.994805
19130,5.95,0.994419
19140,-4.44,0.995713
19150,4.75,0.996551
19160,7.66,0.995011
19170,7.91,0.996312
19180,2.04,0.994269
19190,6.03,0.993916
19200,-2.99,0.992577
19210,9.62,0.992982
19220,4.86,0.995066
19230,7.07,0.996429
19240,-3.23,0.994062
19250,-1.19,0.996063
19260,9.36,0.994101
19270,-0.46,0.994864
19280,9.13,0.992833
19290,7.18,0.993025
19300,0.60,0.992481
19310,4.05,0.996188
19320,0.36,0.998248
19330,-0.80,0.996529
19340,7.81,0.994222
19350,-4.73,0.994525
19360,5.83,0.995154
19370,-1.57,0.994958
19380,4.30,0.995482
19390,-4.59,0.993023
19400,-1.13,0.991750
19410,3.83,0.996779
19420,2.55,0.994959
19430,8.63,0.992887
19440,4.27,0.994737
19450,4.75,0.995063
19460,-4.54,0.996503
19470,1.82,0.994853
19480,9.52,0.991783
19490,3.74,0.996179
19500,2.28,0.995014
19510,8.98,0.995776
19520,-4.16,0.994653
19530,2.02,0.993755
19540,-0.96,0.995416
19550,2.09,0.995119
19560,9.00,0.993991
19570,7.89,0.997459
19580,2.51,0.995107
19590,9.41,0.996985
19600,4.92,0.994709
19610,2.33,0.996668
19620,-3.49,0.996983
19630,3.82,0.995073
19640,1.29,0.994106
19650,8.81,0.994435
19660,9.95,0.992271
19670,0.74,0.994486
19680,9.78,0.993899
19690,3.83,0.991990
19700,0.23,0.998385
19710,9.14,0.998566
19720,7.88,0.995073
19730,2.03,0.995344
19740,4.60,0.994423
19750,-3.82,0.997918
19760,-1.34,0.994294
19770,5.62,0.995777
19780,1.60,0.996947
19790,2.13,0.994640
19800,8.73,0.995942
19810,3.02,0.993885
19820,-1.17,0.993013
19830,4.34,0.993380
19840,3.10,0.996185
19850,0.88,0.994794
19860,0.66,0.995837
19870,0.25,0.996241
19880,7.59,0.994697
19890,-0.15,0.997114
19900,8.49,0.994988
19910,8.36,0.995425
19920,-0.03,0.993323
19930,0.71,0.992841
19940,5.53,0.996673
19950,2.78,0.993955
19960,-0.60,0.995771
19970,-0.88,0.992961
19980,-3.21,0.998554
19990,7.07,0.995583