0,6.86,1.619052
10,-2.80,85.151825
20,7.00,133.680359
30,0.46,401.963196
40,-1.26,143.998611
50,3.94,132.391693
60,-2.43,35.714134
70,8.83,6.896360
80,-3.40,6.456602
90,1.87,1.580144
100,-3.20,2.299524
110,7.89,1.214559
120,-4.41,1.966471
130,6.03,1.031148
140,1.16,1.165832
150,4.44,1.006730
160,2.47,1.042109
170,0.32,1.200702
180,8.19,1.002593
190,1.16,1.102005
200,7.29,1.214753
210,-4.75,1.340377
220,0.87,1.076542
230,-4.46,1.266797
240,8.33,1.082329
250,5.82,1.072319
260,7.31,0.960314
270,6.70,1.012860
280,8.37,1.040310
290,-2.58,1.161690
300,2.02,1.031427
310,6.23,1.022299
320,-0.14,1.106326
330,-1.96,1.061001
340,2.18,1.043518
350,8.38,0.966300
360,-0.52,1.133536
370,6.71,1.101526
380,7.64,0.996658
390,-4.34,1.062663
400,9.01,1.260499
410,2.07,1.091293
420,4.54,1.010435
430,-0.15,1.179428
440,-0.83,1.068398
450,2.24,0.952784
460,8.50,0.983662
470,6.81,0.988903
480,5.92,1.107395
490,8.30,1.035108
500,-3.27,1.106846
510,9.79,1.208070
520,9.60,1.029558
530,-4.52,1.001690
540,-3.36,0.970077
550,9.16,0.957411
560,-3.30,1.012925
570,-4.47,1.058217
580,-3.44,0.914155
590,-3.03,1.039069
600,9.59,0.977588
610,3.49,0.984663
620,1.48,0.981655
630,6.19,0.842273
640,-3.93,1.100696
650,-1.41,1.076309
660,4.96,1.026550
670,-1.66,0.883696
680,4.37,1.286038
690,4.25,0.941166
700,8.52,0.862041
710,6.14,0.897410
720,9.55,1.537960
730,8.88,0.856551
740,-3.81,0.830386
750,6.61,0.849650
760,7.16,0.961131
770,-0.17,0.799288
780,4.90,0.862923
790,6.97,0.989849
800,2.28,0.973058
810,-1.75,0.881027
820,1.75,1.348684
830,-3.93,1.018268
840,6.90,0.771627
850,7.39,0.780704
860,-2.27,0.914082
870,-4.70,0.825653
880,0.94,1.234990
890,6.25,0.864349
900,2.56,0.799357
910,0.26,0.769624
920,-1.98,0.760503
930,0.48,0.739023
940,1.25,0.718067
950,-2.64,0.725912
960,-3.41,0.714407
970,2.45,0.806215
980,6.27,1.246841
990,-3.44,1.013599
1000,6.70,0.840409
1010,2.36,0.659488
1020,-2.89,0.750437
1030,0.18,0.699477
1040,0.10,0.690390
1050,7.91,0.717185
1060,7.37,0.651022
1070,1.44,0.676290
1080,-4.25,0.672477
1090,8.16,0.675627
1100,0.42,0.736853
1110,6.91,0.698180
1120,-1.08,0.643175
1130,1.57,0.658800
1140,0.64,0.639039
1150,-0.24,0.607395
1160,2.06,0.561348
1170,7.92,0.535726
1180,-3.95,0.533783
1190,3.70,0.713971
1200,9.96,0.862223
1210,-1.25,1.660653
1220,4.11,0.744407
1230,-1.18,0.805573
1240,-2.26,0.568397
1250,-3.55,0.638151
1260,7.98,0.487922
1270,-2.60,0.633909
1280,-3.62,0.677738
1290,-0.47,0.755597
1300,8.62,1.443751
1310,-3.43,0.761022
1320,-1.71,0.823799
1330,7.56,0.598988
1340,-1.18,0.562155
1350,2.58,0.503492
1360,5.25,0.635546
1370,-1.31,0.606581
1380,5.24,0.523629
1390,4.31,0.486669
1400,4.77,0.475391
1410,-3.73,0.534977
1420,7.64,0.447092
1430,7.60,0.452238
1440,7.80,0.410221
1450,5.74,0.362244
1460,6.01,0.413452
1470,-4.49,0.408807
1480,0.37,0.535725
1490,2.76,0.467705
1500,-4.33,0.421209
1510,-3.87,0.385545
1520,4.40,0.500571
1530,2.83,0.357169
1540,3.28,0.370603
1550,2.64,0.385152
1560,9.56,0.433391
1570,6.49,0.660447
1580,-4.19,0.972637
1590,4.98,0.681309
1600,5.12,0.489702
1610,7.16,0.364425
1620,6.58,0.710702
1630,-0.26,0.559877
1640,4.61,0.526764
1650,5.89,0.367092
1660,5.66,0.349370
1670,0.31,0.358969
1680,-2.17,0.363326
1690,7.92,0.389557
1700,0.90,0.519640
1710,2.57,0.478847
1720,0.45,0.416234
1730,3.22,0.555076
1740,0.62,0.361250
1750,8.82,0.370041
1760,6.01,0.330908
1770,2.83,0.309874
1780,-3.33,0.329259
1790,-2.54,0.322261
1800,-2.12,0.310373
1810,-2.73,0.279182
1820,-4.92,0.310375
1830,-1.14,0.285480
1840,9.31,0.271151
1850,-0.89,0.291518
1860,8.44,0.268784
1870,3.65,0.252911
1880,4.19,0.276409
1890,-4.31,0.283279
1900,9.98,0.285033
1910,-0.70,0.266775
1920,-3.20,0.251459
1930,6.15,0.242051
1940,-3.39,0.278139
1950,7.90,0.263770
1960,2.47,0.256890
1970,-2.89,0.509635
1980,5.66,0.295755
1990,9.00,0.277638
2000,-3.45,0.278423
2010,-2.16,0.254991
2020,-3.82,0.317334
2030,-4.94,0.253398
2040,9.99,0.260113
2050,-4.98,0.253292
2060,-0.67,0.250492
2070,5.84,0.280969
2080,5.39,0.327027
2090,7.61,0.365774
2100,9.32,0.299134
2110,-2.18,0.315814
2120,-1.49,0.256378
2130,-0.98,0.249899
2140,4.42,0.256689
2150,2.67,0.237405
2160,8.41,0.227299
2170,7.79,0.267311
2180,1.21,0.244210
2190,8.14,0.205374
2200,2.70,0.229422
2210,3.08,0.215410
2220,-3.90,0.242986
2230,9.59,0.225984
2240,4.66,0.275094
2250,-0.63,0.227351
2260,3.12,0.235232
2270,0.44,0.231726
2280,-3.91,0.252467
2290,8.07,0.320482
2300,8.77,0.238561
2310,9.37,0.244403
2320,-3.80,0.243494
2330,5.62,0.228045
2340,1.79,0.235625
2350,0.23,0.321738
2360,7.24,0.263758
2370,-0.28,0.236611
2380,-2.04,0.226402
2390,3.25,0.202918
2400,-4.92,0.249471
2410,-0.12,0.235689
2420,-3.34,0.214101
2430,8.19,0.205629
2440,-1.52,0.193784
2450,3.05,0.192349
2460,9.64,0.277393
2470,9.77,0.247067
2480,6.28,0.228433
2490,8.13,0.248246
2500,-1.72,0.230640
2510,9.01,0.205474
2520,6.88,0.237483
2530,2.47,0.220188
2540,-0.52,0.201449
2550,-4.87,0.229096
2560,4.89,0.209226
2570,-0.51,0.177522
2580,9.81,0.174811
2590,7.54,0.171164
2600,1.37,0.192126
2610,8.26,0.173988
2620,3.10,0.251778
2630,6.82,0.187830
2640,1.20,0.264235
2650,8.85,0.223931
2660,-3.33,0.213707
2670,6.49,0.204428
2680,-1.30,0.218793
2690,-4.20,0.172189
2700,3.58,0.218130
2710,7.78,0.277836
2720,8.13,0.192350
2730,5.06,0.163199
2740,8.08,0.178071
2750,1.06,0.171349
2760,7.36,0.257562
2770,-3.00,0.161219
2780,-1.19,0.153611
2790,1.90,0.206627
2800,-4.81,0.203504
2810,-4.05,0.242636
2820,-3.37,0.177560
2830,6.15,0.214575
2840,4.44,0.209457
2850,-0.48,0.163079
2860,-0.45,0.161524
2870,-1.09,0.223378
2880,-4.09,0.165368
2890,4.51,0.146020
2900,8.70,0.153167
2910,-0.62,0.134014
2920,-1.56,0.190918
2930,7.76,0.224399
2940,0.59,0.182356
2950,-1.74,0.125200
2960,-2.09,0.143709
2970,2.07,0.107578
2980,1.05,0.180671
2990,3.34,0.331801
3000,7.17,0.188300
3010,7.55,0.144822
3020,-1.65,0.105567
3030,1.43,0.118785
3040,-4.40,0.114106
3050,3.23,0.105711
3060,0.71,0.200417
3070,-4.21,0.213190
3080,-2.73,0.150733
3090,-2.93,0.515128
3100,9.49,0.249831
3110,3.73,0.207196
3120,1.08,0.175208
3130,-2.23,0.141329
3140,5.57,0.169762
3150,7.06,0.111650
3160,5.00,0.094246
3170,5.82,0.112587
3180,-0.77,0.124001
3190,-4.10,0.109593
3200,5.90,0.143463
3210,4.45,0.174224
3220,2.60,0.113185
3230,-4.88,0.112795
3240,4.02,0.094967
3250,2.60,0.089600
3260,5.87,0.076498
3270,0.32,0.118091
3280,-0.06,0.087273
3290,4.17,0.116859
3300,-1.04,0.098128
3310,-0.45,0.121407
3320,9.87,0.107061
3330,-4.22,0.091150
3340,-1.74,0.090118
3350,7.91,0.067322
3360,4.49,0.073236
3370,8.29,0.091087
3380,1.08,0.105708
3390,3.92,0.094247
3400,8.12,0.184754
3410,7.33,0.430528
3420,0.22,0.262072
3430,0.30,0.266926
3440,1.71,0.138633
3450,9.05,0.257068
3460,-0.23,0.299035
3470,8.63,0.179120
3480,5.33,0.219223
3490,-1.86,0.165384
3500,2.10,0.129287
3510,8.70,0.154819
3520,7.58,0.090235
3530,3.92,0.086929
3540,-3.97,0.160140
3550,7.98,0.079029
3560,1.11,0.071622
3570,3.45,0.053911
3580,7.06,0.066709
3590,9.48,0.062117
3600,5.73,0.053951
3610,-3.64,0.063835
3620,6.48,0.060719
3630,1.17,0.063363
3640,8.04,0.046142
3650,-2.75,0.054464
3660,5.38,0.047169
3670,-2.09,0.066416
3680,4.60,0.050406
3690,7.03,0.163154
3700,4.85,0.070096
3710,-0.34,0.079912
3720,9.51,0.133150
3730,2.27,0.139584
3740,-0.96,0.101816
3750,-4.78,0.157848
3760,-3.17,0.143549
3770,3.14,0.132780
3780,8.18,0.067439
3790,3.77,0.057059
3800,-2.09,0.071228
3810,0.81,0.054088
3820,-0.19,0.073225
3830,5.98,0.051107
3840,2.24,0.112966
3850,-3.55,0.114372
3860,-2.35,0.083624
3870,-3.72,0.251039
3880,9.12,0.068656
3890,-3.38,0.074943
3900,3.28,0.098018
3910,4.15,0.065200
3920,5.77,0.056110
3930,1.66,0.058342
3940,-2.04,0.056168
3950,0.51,0.086544
3960,0.72,0.096028
3970,8.08,0.157390
3980,9.81,0.101036
3990,-2.89,0.251275
4000,6.00,0.082457
4010,6.40,0.058247
4020,7.04,0.176013
4030,-1.78,0.135572
4040,-2.40,0.068814
4050,-4.24,0.078085
4060,-3.54,0.085117
4070,1.87,0.107911
4080,2.54,0.068150
4090,8.69,0.074000
4100,-4.87,0.063252
4110,2.14,0.046053
4120,2.64,0.043491
4130,5.53,0.042709
4140,2.12,0.049071
4150,3.85,0.049699
4160,2.76,0.042795
4170,-0.96,0.046806
4180,5.66,0.050587
4190,7.50,0.048189
4200,2.46,0.056290
4210,9.96,0.069431
4220,-1.00,0.050397
4230,6.36,0.058350
4240,3.37,0.063803
4250,-0.48,0.050250
4260,-3.23,0.048556
4270,-4.01,0.072013
4280,4.70,0.056141
4290,5.66,0.042340
4300,5.16,0.045374
4310,6.02,0.054473
4320,-4.16,0.055279
4330,-3.31,0.052725
4340,9.57,0.041675
4350,-1.86,0.052633
4360,-3.86,0.042893
4370,7.79,0.043149
4380,-3.29,0.039682
4390,1.08,0.048364
4400,1.15,0.042047
4410,9.58,0.093198
4420,4.99,0.041400
4430,0.92,0.054829
4440,3.29,0.040757
4450,4.66,0.111986
4460,9.54,0.063423
4470,-4.24,0.082804
4480,1.69,0.112695
4490,4.44,0.084335
4500,-4.41,0.067653
4510,-4.42,0.058770
4520,7.31,0.059126
4530,3.21,0.040682
4540,-2.00,0.072820
4550,5.40,0.051470
4560,-0.50,0.054875
4570,3.86,0.061598
4580,0.91,0.041488
4590,1.76,0.101781
4600,-4.78,0.056173
4610,2.80,0.043952
4620,8.39,0.068464
4630,4.03,0.041263
4640,-1.34,0.098486
4650,5.27,0.115495
4660,1.89,0.052922
4670,-3.23,0.055167
4680,1.14,0.044973
4690,-1.86,0.105792
4700,9.76,0.078382
4710,3.04,0.042050
4720,3.84,0.051410
4730,3.47,0.046409
4740,7.52,0.054451
4750,3.62,0.040545
4760,2.85,0.046963
4770,-2.94,0.037743
4780,0.23,0.046248
4790,5.77,0.053963
4800,-2.04,0.040286
4810,-2.52,0.035115
4820,-1.50,0.038303
4830,-3.17,0.044887
4840,-1.23,0.053584
4850,3.29,0.035732
4860,6.89,0.033033
4870,4.20,0.037479
4880,0.87,0.034668
4890,-0.81,0.036301
4900,5.67,0.039590
4910,2.41,0.032757
4920,-0.09,0.034649
4930,3.80,0.056483
4940,-3.95,0.038463
4950,4.18,0.056253
4960,4.22,0.051217
4970,-1.10,0.095087
4980,-4.37,0.145148
4990,4.17,0.051921
5000,-2.15,0.036662
5010,0.68,0.048323
5020,-0.58,0.113157
5030,5.30,0.111628
5040,9.60,0.051895
5050,9.65,0.073305
5060,-1.95,0.039563
5070,-2.10,0.044588
5080,3.55,0.035224
5090,9.61,0.038377
5100,8.10,0.032692
5110,5.53,0.034021
5120,1.27,0.033477
5130,5.93,0.030294
5140,-0.21,0.037906
5150,-0.29,0.038309
5160,6.98,0.040574
5170,-4.14,0.037319
5180,2.58,0.053889
5190,7.33,0.046541
5200,7.60,0.044078
5210,8.93,0.129327
5220,-3.08,0.050440
5230,7.32,0.095787
5240,0.47,0.055059
5250,-0.12,0.053652
5260,-4.55,0.094607
5270,4.64,0.043811
5280,-4.33,0.064305
5290,5.54,0.037069
5300,2.79,0.048078
5310,-4.69,0.037960
5320,2.33,0.057902
5330,4.70,0.050784
5340,5.02,0.053107
5350,-1.27,0.038025
5360,-1.92,0.039886
5370,3.39,0.029298
5380,4.88,0.035345
5390,3.29,0.030432
5400,-4.74,0.038495
5410,-3.43,0.042208
5420,-0.91,0.039641
5430,-1.41,0.039705
5440,2.33,0.034379
5450,1.21,0.043672
5460,-2.54,0.055948
5470,7.43,0.047748
5480,4.42,0.060331
5490,8.76,0.052471
5500,7.06,0.036778
5510,1.43,0.043958
5520,0.03,0.050125
5530,-1.73,0.039008
5540,0.72,0.034133
5550,6.11,0.044828
5560,5.65,0.029365
5570,3.91,0.033654
5580,0.24,0.031591
5590,3.38,0.127762
5600,-1.71,0.049790
5610,4.61,0.090407
5620,9.72,0.143874
5630,8.05,0.059225
5640,-4.11,0.088339
5650,4.32,0.063180
5660,1.58,0.060220
5670,3.96,0.036371
5680,-4.38,0.035166
5690,-2.11,0.050778
5700,-1.79,0.112787
5710,4.15,0.240530
5720,4.55,0.065593
5730,7.83,0.101677
5740,3.66,0.074298
5750,-1.24,0.050999
5760,5.07,0.054394
5770,6.73,0.032777
5780,5.47,0.046361
5790,-4.30,0.037350
5800,1.45,0.032549
5810,4.82,0.034060
5820,9.48,0.030863
5830,4.21,0.024829
5840,4.46,0.034983
5850,4.97,0.032790
5860,4.17,0.057302
5870,7.96,0.049376
5880,-2.98,0.054196
5890,2.26,0.099727
5900,1.36,0.051488
5910,-1.28,0.051545
5920,0.71,0.133011
5930,6.10,0.078032
5940,5.97,0.139814
5950,3.27,0.069404
5960,3.83,0.046258
5970,-4.68,0.057060
5980,5.95,0.056611
5990,8.26,0.050635
6000,5.33,0.059030
6010,3.39,0.056812
6020,7.88,0.051276
6030,-2.12,0.060514
6040,-4.32,0.057018
6050,6.87,0.073489
6060,-1.31,0.061652
6070,-2.47,0.045124
6080,3.30,0.075027
6090,-3.81,0.067660
6100,1.46,0.047549
6110,0.78,0.056712
6120,-0.23,0.044727
6130,8.72,0.037370
6140,-1.15,0.041662
6150,-3.10,0.031972
6160,6.08,0.033997
6170,8.76,0.032912
6180,8.12,0.034617
6190,-2.41,0.040525
6200,9.42,0.026637
6210,-2.85,0.033822
6220,-4.80,0.033277
6230,-2.14,0.026827
6240,6.10,0.027723
6250,-4.52,0.033610
6260,0.38,0.035212
6270,9.67,0.035749
6280,7.56,0.070310
6290,9.54,0.107837
6300,2.80,0.109688
6310,3.98,0.054783
6320,-1.15,0.046420
6330,4.44,0.072840
6340,-3.93,0.043246
6350,3.36,0.051528
6360,1.39,0.053387
6370,-0.30,0.036030
6380,0.60,0.030523
6390,8.13,0.027733
6400,8.21,0.029625
6410,9.12,0.032225
6420,2.42,0.027632
6430,2.04,0.027500
6440,4.18,0.028311
6450,5.06,0.026884
6460,4.83,0.033321
6470,-1.73,0.038539
6480,9.60,0.048991
6490,-1.55,0.036886
6500,2.35,0.043800
6510,6.21,0.034846
6520,3.07,0.052106
6530,-3.34,0.032143
6540,-1.82,0.038423
6550,8.38,0.049793
6560,8.82,0.066023
6570,4.31,0.070466
6580,3.13,0.264056
6590,-4.78,0.157136
6600,0.27,0.088997
6610,3.15,0.041892
6620,2.25,0.036461
6630,5.28,0.042393
6640,2.59,0.034086
6650,1.05,0.025498
6660,7.67,0.027732
6670,0.44,0.032834
6680,0.42,0.028398
6690,0.25,0.026147
6700,-1.36,0.026233
6710,3.06,0.025257
6720,0.40,0.026682
6730,8.28,0.026690
6740,7.37,0.022362
6750,4.91,0.030364
6760,5.23,0.031036
6770,9.86,0.033010
6780,-2.77,0.028654
6790,6.46,0.029230
6800,-3.50,0.034637
6810,-1.95,0.031242
6820,-2.37,0.060694
6830,6.63,0.055854
6840,-4.17,0.036912
6850,5.89,0.043136
6860,3.64,0.041734
6870,-3.21,0.069931
6880,9.75,0.047155
6890,-1.08,0.065645
6900,7.76,0.038273
6910,-4.60,0.035446
6920,0.07,0.045529
6930,9.88,0.059504
6940,-3.41,0.031281
6950,-4.44,0.037174
6960,8.57,0.055874
6970,0.43,0.038592
6980,-1.47,0.130340
6990,-4.47,0.044203
7000,8.57,0.049922
7010,0.31,0.027496
7020,-3.31,0.030778
7030,0.56,0.021517
7040,2.97,0.021151
7050,2.58,0.027267
7060,3.07,0.031689
7070,6.44,0.027898
7080,-1.58,0.035603
7090,8.83,0.037210
7100,2.68,0.030959
7110,5.47,0.035053
7120,9.47,0.039990
7130,4.00,0.037734
7140,7.80,0.066846
7150,-0.70,0.061007
7160,8.10,0.038433
7170,-2.95,0.042977
7180,6.09,0.027787
7190,-3.95,0.027165
7200,6.79,0.027143
7210,1.44,0.025179
7220,4.65,0.026953
7230,8.28,0.025045
7240,4.23,0.027384
7250,8.11,0.029387
7260,7.50,0.027878
7270,4.09,0.023575
7280,9.22,0.023994
7290,7.88,0.023849
7300,2.98,0.023896
7310,-4.23,0.020911
7320,1.71,0.022750
7330,-3.26,0.025852
7340,4.53,0.024826
7350,1.92,0.023506
7360,1.10,0.027221
7370,5.63,0.021226
7380,0.37,0.026117
7390,-4.94,0.026181
7400,-3.27,0.026632
7410,-0.97,0.029251
7420,4.99,0.024109
7430,6.95,0.027583
7440,-2.29,0.025855
7450,6.19,0.040598
7460,-4.23,0.028874
7470,0.45,0.025551
7480,5.17,0.023114
7490,3.13,0.024349
7500,1.73,0.028217
7510,2.25,0.029662
7520,8.56,0.028292
7530,-4.91,0.033666
7540,0.10,0.043867
7550,6.58,0.069215
7560,3.76,0.030271
7570,-0.42,0.047928
7580,5.15,0.059311
7590,1.71,0.090023
7600,2.17,0.086710
7610,3.13,0.118432
7620,7.41,0.101450
7630,-0.31,0.044565
7640,4.18,0.040427
7650,3.25,0.029162
7660,8.44,0.038034
7670,0.56,0.032404
7680,8.34,0.025555
7690,6.01,0.028877
7700,8.84,0.026462
7710,-0.18,0.034965
7720,4.57,0.029356
7730,3.42,0.093539
7740,7.67,0.035711
7750,-3.83,0.042279
7760,-4.76,0.048713
7770,2.52,0.030735
7780,8.07,0.022361
7790,3.45,0.026535
7800,-2.72,0.023870
7810,4.22,0.025201
7820,2.81,0.021955
7830,5.08,0.023641
7840,0.46,0.020906
7850,-2.78,0.026102
7860,-4.52,0.021783
7870,4.18,0.023768
7880,9.81,0.026567
7890,0.64,0.031595
7900,-0.02,0.035814
7910,0.52,0.024164
7920,6.04,0.030411
7930,-3.36,0.031048
7940,-2.83,0.033110
7950,-0.45,0.030131
7960,3.47,0.041809
7970,5.74,0.022233
7980,7.12,0.022896
7990,-0.14,0.034721
8000,4.34,0.064332
8010,-0.35,0.052608
8020,0.05,0.067292
8030,9.49,0.085055
8040,-0.08,0.067619
8050,-1.23,0.065870
8060,-4.89,0.042441
8070,-2.18,0.037018
8080,-1.17,0.044926
8090,-0.52,0.080302
8100,-3.37,0.054577
8110,-3.95,0.058203
8120,4.12,0.070781
8130,-0.52,0.118488
8140,6.77,0.040454
8150,2.99,0.054762
8160,1.77,0.036906
8170,-4.23,0.047015
8180,-1.65,0.028270
8190,7.96,0.027127
8200,3.14,0.025247
8210,-0.28,0.024952
8220,-4.25,0.027470
8230,7.31,0.027000
8240,7.65,0.022850
8250,2.90,0.023007
8260,6.85,0.030323
8270,2.94,0.024357
8280,2.48,0.021220
8290,9.74,0.018523
8300,-3.10,0.026361
8310,-1.57,0.026882
8320,6.59,0.021947
8330,-4.37,0.021655
8340,9.11,0.024226
8350,6.05,0.023285
8360,-0.35,0.021146
8370,4.48,0.023527
8380,4.38,0.022086
8390,-1.56,0.019174
8400,4.22,0.024974
8410,2.10,0.035327
8420,8.27,0.050052
8430,3.64,0.034307
8440,-2.36,0.022787
8450,3.05,0.034065
8460,-0.99,0.020230
8470,-2.80,0.021800
8480,-0.84,0.034924
8490,-1.91,0.042371
8500,9.88,0.035142
8510,2.35,0.031981
8520,-3.96,0.024703
8530,3.60,0.021138
8540,8.64,0.023342
8550,1.66,0.018555
8560,0.68,0.021100
8570,2.65,0.018084
8580,5.29,0.022945
8590,6.78,0.019202
8600,1.84,0.021918
8610,2.12,0.020092
8620,-3.09,0.021112
8630,4.10,0.028637
8640,9.97,0.023167
8650,-3.29,0.025316
8660,6.12,0.033401
8670,3.89,0.021837
8680,8.28,0.017170
8690,-0.98,0.019458
8700,-3.36,0.022110
8710,-1.24,0.019267
8720,2.42,0.017466
8730,5.51,0.018532
8740,0.30,0.017683
8750,7.06,0.020625
8760,4.50,0.019491
8770,-1.35,0.021316
8780,7.06,0.018450
8790,6.12,0.019691
8800,5.75,0.017485
8810,-1.36,0.019373
8820,5.97,0.023871
8830,4.30,0.023646
8840,2.55,0.017609
8850,0.91,0.019499
8860,7.92,0.022775
8870,2.59,0.017451
8880,8.61,0.019904
8890,6.52,0.018111
8900,6.45,0.020322
8910,9.68,0.021302
8920,-4.15,0.018325
8930,-0.25,0.020103
8940,7.82,0.019249
8950,1.19,0.061859
8960,-4.18,0.023204
8970,-2.44,0.026912
8980,2.64,0.020951
8990,-3.79,0.024697
9000,8.34,0.023051
9010,4.13,0.021240
9020,-1.26,0.023117
9030,-2.04,0.067772
9040,9.84,0.082382
9050,-3.94,0.067044
9060,-0.29,0.127200
9070,9.67,0.104592
9080,1.03,0.053254
9090,8.97,0.040387
9100,-0.58,0.031388
9110,7.96,0.025554
9120,6.91,0.029265
9130,-1.93,0.034377
9140,3.09,0.025308
9150,3.54,0.025268
9160,-4.36,0.023470
9170,5.61,0.038099
9180,0.25,0.078526
9190,-4.56,0.118090
9200,2.12,0.030736
9210,5.12,0.078452
9220,2.31,0.049890
9230,6.16,0.033309
9240,4.06,0.024974
9250,5.90,0.024372
9260,5.37,0.020293
9270,-1.08,0.020928
9280,-2.24,0.019065
9290,5.88,0.019890
9300,-4.98,0.019908
9310,9.83,0.020083
9320,-1.22,0.019030
9330,-4.06,0.018435
9340,1.81,0.015830
9350,9.87,0.018500
9360,5.97,0.019172
9370,0.69,0.016009
9380,-0.13,0.016229
9390,9.98,0.019642
9400,-3.66,0.022833
9410,-3.37,0.022519
9420,9.96,0.026204
9430,-0.91,0.020661
9440,6.52,0.022063
9450,0.85,0.019283
9460,9.93,0.022583
9470,9.02,0.039035
9480,8.84,0.028475
9490,6.48,0.021774
9500,2.18,0.026690
9510,8.28,0.025180
9520,-2.07,0.020169
9530,3.22,0.017514
9540,0.95,0.019435
9550,7.36,0.019363
9560,-0.22,0.017640
9570,3.36,0.017773
9580,5.66,0.021796
9590,0.65,0.017591
9600,-5.00,0.018603
9610,-4.72,0.020101
9620,8.90,0.017968
9630,0.28,0.059417
9640,3.45,0.031449
9650,-1.93,0.025431
9660,3.68,0.017595
9670,6.50,0.017522
9680,6.20,0.021994
9690,1.51,0.019943
9700,2.94,0.018334
9710,1.52,0.017163
9720,3.29,0.017710
9730,0.36,0.015865
9740,8.73,0.016976
9750,-1.93,0.016868
9760,9.72,0.018787
9770,2.32,0.015635
9780,-2.88,0.022371
9790,8.30,0.019490
9800,-0.55,0.014928
9810,6.57,0.015872
9820,7.37,0.016486
9830,-3.91,0.016541
9840,-0.98,0.013599
9850,6.73,0.016902
9860,6.24,0.013691
9870,3.84,0.014101
9880,3.27,0.015247
9890,4.41,0.015180
9900,5.33,0.013553
9910,5.58,0.015854
9920,-2.10,0.016173
9930,4.99,0.014714
9940,6.03,0.014355
9950,-4.47,0.015960
9960,3.58,0.018545
9970,-4.90,0.021041
9980,5.59,0.016034
9990,-2.78,0.017320
10000,3.41,0.014848
10010,-4.82,0.015409
10020,0.51,0.023761
10030,7.74,0.026324
10040,7.73,0.042605
10050,5.87,0.030062
10060,-3.58,0.018034
10070,8.42,0.027125
10080,8.70,0.020521
10090,6.42,0.022036
10100,-0.52,0.048174
10110,-3.94,0.025268
10120,4.01,0.020447
10130,-0.97,0.020663
10140,9.33,0.023567
10150,-3.11,0.020177
10160,-3.19,0.021169
10170,7.15,0.032609
10180,-2.22,0.023535
10190,6.62,0.017092
10200,-4.33,0.018012
10210,5.23,0.028298
10220,3.93,0.022052
10230,0.13,0.022572
10240,-4.37,0.022105
10250,-3.54,0.016541
10260,5.56,0.015273
10270,5.81,0.015684
10280,4.75,0.014759
10290,5.86,0.013268
10300,-3.61,0.014478
10310,8.85,0.014118
10320,2.35,0.014153
10330,8.92,0.017623
10340,9.90,0.017933
10350,4.91,0.017531
10360,1.43,0.012929
10370,1.18,0.020267
10380,-1.08,0.012841
10390,5.72,0.015196
10400,9.09,0.023490
10410,8.40,0.018179
10420,3.77,0.014710
10430,7.97,0.014988
10440,8.03,0.017257
10450,9.26,0.014469
10460,9.84,0.015331
10470,-2.06,0.016452
10480,4.37,0.014699
10490,1.85,0.013717
10500,2.41,0.013701
10510,-0.08,0.015741
10520,-3.06,0.014061
10530,-1.13,0.020942
10540,3.06,0.015082
10550,4.05,0.017868
10560,2.19,0.013579
10570,0.81,0.015679
10580,7.97,0.019129
10590,1.09,0.014185
10600,-4.10,0.041822
10610,4.38,0.026299
10620,-3.15,0.018328
10630,6.41,0.015366
10640,4.04,0.012248
10650,-3.78,0.014067
10660,-2.64,0.020340
10670,4.84,0.013705
10680,-3.49,0.020281
10690,-2.85,0.029220
10700,8.68,0.024194
10710,-1.33,0.018101
10720,-1.97,0.013173
10730,-2.80,0.012361
10740,-3.10,0.016041
10750,-1.04,0.012447
10760,1.48,0.013341
10770,2.07,0.012163
10780,8.29,0.013290
10790,-3.14,0.015093
10800,9.64,0.011932
10810,1.74,0.014455
10820,6.52,0.019299
10830,1.51,0.014372
10840,3.23,0.016085
10850,8.28,0.012995
10860,5.38,0.013333
10870,2.21,0.015873
10880,-2.19,0.017115
10890,1.96,0.013445
10900,-3.73,0.012418
10910,0.69,0.015591
10920,4.50,0.017610
10930,8.45,0.015359
10940,-4.12,0.016649
10950,9.21,0.013898
10960,-4.51,0.014573
10970,-3.90,0.013233
10980,1.04,0.011379
10990,-2.83,0.013125
11000,4.60,0.014955
11010,-4.93,0.015372
11020,5.25,0.013159
11030,-1.46,0.012819
11040,-3.73,0.012993
11050,8.00,0.014663
11060,-2.22,0.012153
11070,9.59,0.011057
11080,1.98,0.012614
11090,8.45,0.011481
11100,1.39,0.010680
11110,3.72,0.012346
11120,-4.37,0.015099
11130,1.12,0.016217
11140,7.91,0.018631
11150,0.64,0.015378
11160,0.26,0.018226
11170,-1.02,0.014576
11180,-4.58,0.013781
11190,9.96,0.013434
11200,7.63,0.014686
11210,-0.34,0.011404
11220,-0.55,0.011321
11230,7.14,0.011255
11240,-4.20,0.014543
11250,2.87,0.010517
11260,4.04,0.020652
11270,-2.96,0.016219
11280,-3.77,0.014200
11290,5.36,0.013474
11300,-0.09,0.014573
11310,2.41,0.013498
11320,-0.18,0.012629
11330,1.05,0.011477
11340,0.58,0.010853
11350,-1.81,0.010397
11360,0.21,0.013226
11370,7.62,0.015591
11380,-0.31,0.011835
11390,5.50,0.030561
11400,5.57,0.020996
11410,-4.29,0.025044
11420,-3.29,0.017153
11430,-3.36,0.012073
11440,3.58,0.013759
11450,4.73,0.013184
11460,-1.20,0.010355
11470,5.07,0.011014
11480,1.40,0.011453
11490,-4.28,0.012798
11500,1.39,0.011606
11510,3.24,0.011409
11520,-1.04,0.009995
11530,-4.85,0.014764
11540,9.36,0.011181
11550,4.79,0.011828
11560,-0.15,0.014314
11570,-0.35,0.012476
11580,1.55,0.010523
11590,7.52,0.019787
11600,6.25,0.013699
11610,6.21,0.010296
11620,2.62,0.014812
11630,9.11,0.021686
11640,4.06,0.017024
11650,9.05,0.012784
11660,-2.30,0.014857
11670,-4.20,0.020056
11680,0.74,0.015028
11690,4.53,0.014197
11700,4.86,0.012332
11710,5.18,0.010581
11720,6.58,0.010989
11730,2.21,0.009574
11740,-0.40,0.011305
11750,-1.05,0.009864
11760,9.14,0.012810
11770,-3.85,0.011373
11780,-1.70,0.013525
11790,-4.89,0.013925
11800,2.04,0.013433
11810,-4.46,0.028042
11820,8.51,0.023347
11830,4.64,0.029584
11840,6.27,0.039423
11850,2.89,0.023213
11860,6.60,0.045597
11870,4.70,0.018590
11880,0.26,0.020761
11890,-4.63,0.023805
11900,9.27,0.019686
11910,8.32,0.012489
11920,3.67,0.013432
11930,-0.64,0.012125
11940,-4.88,0.013126
11950,-0.79,0.014195
11960,-1.27,0.011157
11970,-0.09,0.012327
11980,6.48,0.013144
11990,3.01,0.010859
12000,-0.65,0.009972
12010,2.30,0.012134
12020,-1.84,0.010696
12030,-0.76,0.011769
12040,3.81,0.011860
12050,0.84,0.009586
12060,6.52,0.009823
12070,4.60,0.010519
12080,2.74,0.008714
12090,3.02,0.008944
12100,-3.79,0.009560
12110,2.31,0.010165
12120,4.89,0.009548
12130,0.64,0.009759
12140,-3.17,0.008957
12150,6.93,0.010133
12160,-0.44,0.008562
12170,3.69,0.010763
12180,-0.68,0.010184
12190,-4.21,0.009740
12200,0.04,0.010096
12210,1.65,0.010219
12220,4.24,0.008964
12230,0.84,0.009535
12240,9.13,0.013023
12250,-3.22,0.010606
12260,-3.90,0.012563
12270,-4.75,0.015991
12280,7.24,0.020054
12290,8.84,0.021328
12300,5.38,0.010802
12310,4.08,0.016045
12320,-4.64,0.018308
12330,3.88,0.013462
12340,-1.51,0.015151
12350,6.15,0.013847
12360,8.24,0.011940
12370,1.55,0.010911
12380,3.73,0.009610
12390,7.62,0.010051
12400,8.42,0.010719
12410,3.24,0.008251
12420,-3.06,0.009855
12430,5.54,0.008371
12440,7.54,0.010684
12450,5.01,0.013413
12460,-4.60,0.016510
12470,0.65,0.017121
12480,-1.74,0.011814
12490,7.53,0.013286
12500,1.47,0.018800
12510,7.76,0.030193
12520,1.73,0.015286
12530,-2.51,0.014848
12540,-4.67,0.026841
12550,6.84,0.014951
12560,4.05,0.013747
12570,-2.57,0.013978
12580,3.20,0.010720
12590,-3.00,0.013718
12600,7.34,0.011241
12610,4.18,0.012381
12620,-1.37,0.012465
12630,-2.04,0.012307
12640,7.37,0.021338
12650,-1.67,0.010210
12660,7.77,0.012825
12670,-1.87,0.010550
12680,-2.45,0.011303
12690,0.09,0.009125
12700,7.63,0.010583
12710,3.95,0.011874
12720,7.73,0.010911
12730,9.43,0.009990
12740,6.08,0.009458
12750,5.56,0.008995
12760,-1.25,0.010091
12770,8.06,0.008847
12780,1.17,0.008441
12790,7.31,0.009350
12800,1.94,0.007096
12810,9.63,0.008134
12820,0.31,0.009175
12830,6.51,0.009100
12840,-4.00,0.010470
12850,9.72,0.008199
12860,-1.98,0.014364
12870,7.94,0.009719
12880,-4.47,0.010414
12890,0.89,0.009118
12900,-3.54,0.009610
12910,-0.32,0.007694
12920,9.55,0.008082
12930,-3.24,0.009397
12940,1.24,0.007692
12950,-1.71,0.009427
12960,8.17,0.008869
12970,-0.03,0.008259
12980,-3.64,0.008902
12990,6.57,0.008073
13000,6.57,0.007584
13010,0.88,0.007003
13020,3.31,0.008322
13030,2.62,0.008862
13040,5.91,0.007841
13050,-1.58,0.006224
13060,-2.77,0.009255
13070,5.16,0.008560
13080,7.33,0.008977
13090,8.53,0.009618
13100,0.62,0.008112
13110,4.17,0.008373
13120,4.83,0.006669
13130,-2.97,0.008952
13140,9.90,0.007688
13150,7.20,0.007636
13160,-2.82,0.007978
13170,9.07,0.008628
13180,-2.15,0.009601
13190,4.44,0.006114
13200,1.26,0.006960
13210,5.99,0.008489
13220,-2.45,0.007150
13230,1.98,0.006502
13240,6.15,0.006071
13250,1.79,0.006516
13260,-3.27,0.006923
13270,5.84,0.010617
13280,7.56,0.009342
13290,6.65,0.019702
13300,-0.44,0.007986
13310,-2.67,0.008978
13320,-4.36,0.010939
13330,-2.02,0.018405
13340,9.59,0.020957
13350,-2.34,0.010291
13360,8.16,0.020176
13370,8.85,0.011080
13380,0.87,0.006421
13390,6.31,0.006162
13400,-4.01,0.008064
13410,4.39,0.006496
13420,9.88,0.006498
13430,8.32,0.005971
13440,-0.10,0.007186
13450,-4.52,0.007548
13460,-3.73,0.006534
13470,-0.06,0.005379
13480,5.55,0.004987
13490,-2.66,0.005268
13500,6.17,0.009963
13510,0.22,0.008903
13520,4.28,0.006944
13530,2.39,0.004784
13540,2.67,0.007448
13550,0.61,0.007305
13560,7.99,0.007998
13570,2.27,0.007042
13580,-0.83,0.007668
13590,9.47,0.016593
13600,8.83,0.025137
13610,5.85,0.009097
13620,0.42,0.005676
13630,1.50,0.005187
13640,1.89,0.005382
13650,1.14,0.005041
13660,-4.11,0.005356
13670,7.59,0.005175
13680,-1.32,0.004708
13690,4.67,0.004121
13700,2.63,0.003788
13710,2.47,0.005150
13720,2.62,0.004383
13730,-1.16,0.004887
13740,2.37,0.004025
13750,-3.59,0.004372
13760,2.67,0.003607
13770,-4.95,0.005033
13780,3.35,0.004053
13790,2.67,0.004814
13800,-1.90,0.004425
13810,9.77,0.004053
13820,-4.53,0.004052
13830,6.74,0.004125
13840,0.01,0.004132
13850,3.83,0.005320
13860,8.24,0.004440
13870,-3.84,0.005663
13880,-0.83,0.008038
13890,0.00,0.010018
13900,6.10,0.016454
13910,2.50,0.008827
13920,4.16,0.006967
13930,-4.83,0.007322
13940,7.45,0.006938
13950,-1.58,0.005394
13960,3.97,0.004018
13970,-1.74,0.007703
13980,-2.62,0.004700
13990,5.47,0.010129
14000,-3.43,0.007610
14010,2.62,0.004530
14020,-2.33,0.004824
14030,-2.46,0.005356
14040,-3.76,0.005933
14050,-2.82,0.005367
14060,-3.06,0.004744
14070,-4.40,0.004891
14080,-4.58,0.005469
14090,3.40,0.003515
14100,-5.00,0.004446
14110,1.47,0.003793
14120,-2.65,0.003395
14130,8.66,0.003774
14140,-0.85,0.003335
14150,9.55,0.003810
14160,5.65,0.003646
14170,1.34,0.004152
14180,5.13,0.006824
14190,0.16,0.004017
14200,0.16,0.004913
14210,-4.21,0.004349
14220,-4.54,0.004379
14230,-1.69,0.005976
14240,1.57,0.004914
14250,-3.26,0.003858
14260,6.76,0.004097
14270,1.99,0.003465
14280,-0.67,0.002767
14290,8.81,0.003498
14300,0.44,0.003241
14310,7.25,0.003253
14320,-1.83,0.002835
14330,6.11,0.004159
14340,2.41,0.002592
14350,-2.24,0.003761
14360,-0.50,0.002968
14370,8.80,0.002645
14380,7.02,0.002722
14390,0.22,0.002319
14400,2.20,0.002599
14410,6.53,0.002994
14420,-0.04,0.002857
14430,4.13,0.002188
14440,3.10,0.003008
14450,-0.46,0.002553
14460,2.32,0.002881
14470,3.08,0.003042
14480,2.52,0.004391
14490,-0.56,0.006420
14500,2.20,0.004481
14510,-4.35,0.007296
14520,-4.70,0.005278
14530,-3.35,0.006613
14540,1.46,0.003805
14550,6.18,0.003077
14560,3.46,0.003178
14570,7.35,0.002807
14580,0.43,0.003612
14590,8.05,0.003281
14600,0.96,0.004013
14610,8.25,0.008795
14620,-1.40,0.003814
14630,-4.12,0.004081
14640,3.34,0.003284
14650,-1.89,0.003387
14660,8.87,0.002447
14670,-2.67,0.003816
14680,-4.72,0.002879
14690,9.70,0.004085
14700,6.83,0.003048
14710,7.86,0.002420
14720,8.96,0.003389
14730,-1.27,0.005319
14740,4.41,0.003244
14750,2.93,0.003264
14760,4.12,0.004093
14770,1.48,0.005138
14780,-2.82,0.003546
14790,0.08,0.003084
14800,7.20,0.002373
14810,2.10,0.004764
14820,4.13,0.004593
14830,-4.38,0.007396
14840,-1.46,0.003749
14850,3.95,0.003331
14860,-2.40,0.002711
14870,6.98,0.003361
14880,7.05,0.003700
14890,-3.41,0.002616
14900,2.21,0.003548
14910,-3.04,0.005046
14920,0.70,0.003197
14930,-4.60,0.004248
14940,5.66,0.004002
14950,0.72,0.003201
14960,-2.02,0.003662
14970,0.90,0.002080
14980,5.03,0.003177
14990,-4.05,0.003205
15000,2.77,0.003820
15010,-0.33,0.003308
15020,5.73,0.002736
15030,0.40,0.002478
15040,-2.63,0.002818
15050,6.31,0.002596
15060,9.38,0.002222
15070,-0.16,0.003297
15080,3.30,0.003795
15090,1.80,0.003349
15100,-3.70,0.002641
15110,7.42,0.002167
15120,3.22,0.002825
15130,-2.33,0.002040
15140,2.21,0.002182
15150,8.93,0.002511
15160,4.47,0.001898
15170,5.08,0.002038
15180,-3.82,0.001891
15190,1.39,0.002075
15200,-2.19,0.002325
15210,-3.75,0.002109
15220,-3.90,0.002625
15230,4.25,0.002148
15240,7.97,0.002044
15250,6.39,0.002174
15260,5.52,0.001922
15270,3.27,0.002060
15280,8.63,0.001893
15290,2.85,0.001931
15300,-1.05,0.002187
15310,1.13,0.002488
15320,6.71,0.001932
15330,-2.88,0.001728
15340,7.08,0.001945
15350,5.42,0.001424
15360,9.80,0.005874
15370,-4.58,0.006165
15380,-5.00,0.002462
15390,-3.82,0.002774
15400,-2.68,0.002371
15410,4.61,0.002037
15420,5.72,0.001919
15430,9.37,0.002778
15440,2.72,0.001631
15450,2.56,0.001893
15460,-1.66,0.002216
15470,2.50,0.002892
15480,-1.56,0.002593
15490,2.45,0.002307
15500,-1.81,0.002411
15510,-3.63,0.003208
15520,-4.64,0.002981
15530,-1.52,0.002180
15540,5.07,0.002032
15550,8.71,0.003320
15560,7.68,0.002142
15570,2.32,0.004385
15580,4.73,0.003519
15590,7.92,0.002388
15600,9.05,0.004400
15610,6.86,0.003396
15620,9.85,0.003162
15630,-1.74,0.002553
15640,4.76,0.001920
15650,5.10,0.001567
15660,-3.35,0.002788
15670,-2.33,0.001930
15680,-1.40,0.001681
15690,-2.51,0.001726
15700,2.82,0.001857
15710,2.64,0.001873
15720,9.45,0.003728
15730,-2.66,0.002920
15740,4.13,0.004299
15750,8.08,0.003926
15760,2.75,0.004019
15770,1.85,0.003700
15780,2.23,0.008136
15790,-0.40,0.002933
15800,5.05,0.003574
15810,-1.68,0.002666
15820,-3.85,0.002474
15830,-0.04,0.004220
15840,-4.98,0.004278
15850,-2.23,0.002506
15860,-2.04,0.002080
15870,8.07,0.001857
15880,3.76,0.001993
15890,0.92,0.001658
15900,-4.72,0.002033
15910,5.25,0.002337
15920,3.47,0.003575
15930,0.37,0.002607
15940,7.14,0.004067
15950,3.46,0.003771
15960,7.43,0.038418
15970,6.28,779459.875000
15980,-4.00,947854.062500
15990,-4.76,61419308.000000
16000,5.07,2215294.750000
16010,6.08,1948907.625000
16020,5.72,346094.625000
16030,5.65,433867.562500
16040,-0.10,77170.664062
16050,2.94,13158.654297
16060,-0.16,32403.765625
16070,-1.93,32300.259766
16080,7.35,9314.718750
16090,-1.39,14509.127930
16100,3.60,6735.039551
16110,6.12,2627.327148
16120,6.58,2822.293701
16130,4.87,2189.791504
16140,1.34,3075.354980
16150,-0.60,7419.674805
16160,4.76,1301.805908
16170,-4.70,5625.702637
16180,-4.27,5085.165527
16190,8.04,784.283875
16200,-2.45,4474.041992
16210,0.20,2765.278320
16220,3.10,908.857300
16230,9.21,1369.290527
16240,6.78,830.771667
16250,-1.66,2654.184326
16260,9.22,676.357666
16270,7.98,490.883789
16280,-3.77,2173.206543
16290,0.85,1347.360352
16300,-1.76,2062.068359
16310,6.86,488.741364
16320,-1.99,1532.556030
16330,9.44,348.546204
16340,5.50,398.762634
16350,8.58,266.083771
16360,2.62,1768.661865
16370,-4.24,1813.418701
16380,8.65,334.307068
16390,-2.76,992.673889
16400,6.76,292.460266
16410,-3.39,614.962402
16420,-1.86,591.361511
16430,-4.44,610.405151
16440,-3.27,573.636841
16450,-1.58,523.984558
16460,-2.72,582.368652
16470,6.45,192.567459
16480,4.28,163.806137
16490,-0.56,573.401306
16500,2.33,257.813385
16510,-0.11,390.827454
16520,1.32,318.208801
16530,6.10,132.672287
16540,-2.78,287.707001
16550,0.26,440.556946
16560,9.99,124.862640
16570,-2.88,254.069550
16580,1.07,417.952667
16590,0.64,349.398956
16600,-1.25,306.756744
16610,1.75,150.927429
16620,4.17,111.992439
16630,0.35,279.952454
16640,4.64,98.983788
16650,4.56,87.454453
16660,5.28,79.362640
16670,8.93,84.748184
16680,3.65,80.891518
16690,-2.65,233.730484
16700,5.61,82.126442
16710,8.08,78.363335
16720,4.21,79.462967
16730,4.85,83.194008
16740,2.67,82.660873
16750,-2.29,184.394028
16760,7.94,90.160896
16770,-2.00,222.131775
16780,5.10,106.727776
16790,-3.55,162.651718
16800,3.11,79.347389
16810,1.67,95.544701
16820,7.86,72.045029
16830,0.84,208.537659
16840,-0.95,227.230133
16850,-2.92,163.735214
16860,3.23,69.273438
16870,1.23,110.309143
16880,9.18,50.600903
16890,-0.78,239.754486
16900,0.24,207.614197
16910,-3.78,138.489792
16920,-1.96,143.302109
16930,-3.82,138.941223
16940,5.97,54.846855
16950,-1.08,172.694519
16960,-3.08,112.976059
16970,9.81,45.429768
16980,8.04,42.194923
16990,1.03,147.702927
17000,-2.52,142.795013
17010,9.47,42.717167
17020,-3.77,125.627426
17030,-2.44,118.800941
17040,5.23,46.233131
17050,-4.32,133.466064
17060,2.95,40.974548
17070,6.73,43.784252
17080,-2.82,107.658401
17090,-1.23,137.446304
17100,6.71,42.932869
17110,-1.49,129.082748
17120,-4.00,105.748665
17130,-1.82,112.059799
17140,7.96,34.734459
17150,9.66,34.965919
17160,0.66,192.662567
17170,4.57,45.307602
17180,0.59,157.465164
17190,2.20,38.886650
17200,-4.42,86.999458
17210,8.30,36.200504
17220,7.97,29.468960
17230,-4.62,104.281937
17240,0.31,163.588348
17250,-1.56,95.130051
17260,7.85,37.730770
17270,-4.34,93.303909
17280,6.57,31.369431
17290,3.26,30.106758
17300,8.45,25.790136
17310,3.06,27.585917
17320,8.71,25.577477
17330,-4.88,75.166649
17340,7.04,26.950647
17350,-3.05,76.105667
17360,5.54,24.261122
17370,4.95,25.961908
17380,-1.65,89.587898
17390,-1.16,109.715797
17400,-2.09,67.727913
17410,1.74,43.153156
17420,1.60,59.563374
17430,5.76,24.608046
17440,3.96,26.867041
17450,7.59,22.290567
17460,-4.43,60.755890
17470,4.04,24.225590
17480,-3.24,64.131302
17490,5.87,23.707005
17500,6.48,22.417994
17510,9.06,22.991472
17520,2.88,22.558254
17530,-3.08,59.863377
17540,6.98,20.241846
17550,5.83,19.569351
17560,-0.30,98.450157
17570,-4.48,53.946407
17580,-2.63,51.480679
17590,7.07,19.778156
17600,9.04,17.842863
17610,0.27,113.567406
17620,2.77,23.795982
17630,7.68,17.785902
17640,9.27,17.918480
17650,2.09,24.097801
17660,4.40,20.878916
17670,-1.43,76.171616
17680,4.11,19.962229
17690,-3.29,53.302597
17700,-1.55,61.585541
17710,-1.53,66.054855
17720,0.05,87.459091
17730,8.26,19.290749
17740,-0.53,90.013992
17750,5.99,24.747944
17760,8.27,16.740135
17770,-0.39,95.719696
17780,2.98,20.970951
17790,8.45,15.161732
17800,-0.26,84.487427
17810,-0.89,69.625702
17820,0.01,132.185974
17830,5.25,16.133804
17840,4.61,14.605229
17850,1.10,50.564991
17860,8.39,13.773244
17870,4.46,13.703428
17880,1.40,37.560165
17890,3.00,15.323657
17900,-1.95,46.777855
17910,1.12,54.664341
17920,7.42,13.500217
17930,3.14,14.715359
17940,6.47,15.012645
17950,3.70,12.874429
17960,0.93,73.630150
17970,9.37,12.395415
17980,7.99,11.683461
17990,4.95,11.568827
18000,1.84,17.979401
18010,-3.91,35.201027
18020,2.10,16.178551
18030,9.09,10.661049
18040,3.63,12.530732
18050,7.73,11.689419
18060,8.25,12.018256
18070,0.59,73.398369
18080,0.60,68.162422
18090,9.69,10.924435
18100,9.26,10.152124
18110,-0.08,55.409626
18120,8.79,10.906499
18130,-1.46,46.403496
18140,7.67,10.765558
18150,2.97,10.113559
18160,8.89,9.487830
18170,-0.25,70.055977
18180,2.45,13.403998
18190,-0.83,55.489872
18200,4.99,11.644464
18210,-2.68,29.408161
18220,-0.94,56.894749
18230,0.53,57.879169
18240,5.66,8.742141
18250,0.05,74.385590
18260,9.12,8.679611
18270,7.39,8.514670
18280,7.75,8.274504
18290,3.25,8.450378
18300,-0.54,63.002735
18310,6.51,8.189297
18320,-2.29,27.751804
18330,-4.51,26.985649
18340,6.50,7.876127
18350,-1.81,30.491776
18360,8.60,7.705379
18370,-1.61,31.412523
18380,1.50,20.102772
18390,6.03,7.737110
18400,0.74,43.691597
18410,7.32,7.888258
18420,1.50,18.615566
18430,8.11,9.954967
18440,1.70,14.652281
18450,0.32,35.556007
18460,7.25,7.619909
18470,1.19,28.801140
18480,1.03,32.557816
18490,-3.08,21.248093
18500,-1.07,31.407326
18510,0.66,34.554012
18520,8.51,6.768490
18530,-1.68,22.383888
18540,5.04,6.513864
18550,2.96,7.151958
18560,-2.83,18.523336
18570,-2.78,17.801796
18580,3.26,7.386334
18590,-4.85,19.827942
18600,-2.65,15.951889
18610,1.09,17.930433
18620,3.09,6.352832
18630,5.99,5.734361
18640,1.97,8.859903
18650,-3.53,16.099852
18660,4.46,5.940549
18670,2.04,7.857656
18680,8.51,7.045344
18690,2.68,6.358578
18700,0.93,25.237141
18710,-4.06,17.316372
18720,-2.85,15.574624
18730,-0.26,29.079931
18740,6.23,5.828576
18750,3.73,5.206880
18760,2.57,5.955651
18770,-4.90,14.355805
18780,2.56,6.190901
18790,-0.93,26.362154
18800,0.28,27.402468
18810,6.62,4.745096
18820,9.12,4.665006
18830,4.22,4.725621
18840,0.02,25.645613
18850,4.36,4.545468
18860,-2.33,14.578218
18870,5.80,5.213969
18880,4.11,5.122118
18890,-1.64,16.273006
18900,-0.41,35.939144
18910,7.42,4.749335
18920,-0.04,31.045385
18930,3.92,4.546833
18940,-0.91,21.745655
18950,-3.71,11.740514
18960,1.49,12.397113
18970,6.76,4.156846
18980,7.60,4.261772
18990,0.67,27.003670
19000,-3.11,12.774007
19010,-3.37,11.695919
19020,-3.56,11.376344
19030,-1.97,12.611925
19040,9.35,3.993849
19050,8.38,3.891195
19060,-0.69,24.376461
19070,8.96,3.698119
19080,0.53,25.125528
19090,6.63,3.528905
19100,2.43,4.589182
19110,3.14,4.211108
19120,-0.41,32.791378
19130,8.63,3.537657
19140,9.13,3.394038
19150,5.43,3.560462
19160,4.29,3.438019
19170,9.47,3.329253
19180,-0.08,22.353168
19190,0.74,49.797012
19200,5.58,3.480829
19210,6.71,3.092704
19220,1.90,5.681795
19230,-1.92,12.134642
19240,8.38,3.026868
19250,2.73,3.655719
19260,1.64,8.256086
19270,-2.81,9.166353
19280,5.22,3.485425
19290,8.93,2.907361
19300,0.83,30.509283
19310,2.15,5.026773
19320,5.63,2.802455
19330,-1.90,9.536072
19340,9.47,2.870862
19350,3.97,2.778081
19360,0.33,17.945892
19370,8.25,2.819988
19380,-2.12,9.651052
19390,9.89,2.685124
19400,9.54,2.746726
19410,8.22,2.931199
19420,6.50,2.658532
19430,-3.95,8.441136
19440,1.33,11.750127
19450,8.97,2.514587
19460,3.61,2.735654
19470,9.48,2.435319
19480,-3.80,8.276565
19490,2.70,3.225994
19500,9.94,2.264120
19510,-4.22,8.070451
19520,8.65,2.571514
19530,1.51,8.221872
19540,0.15,18.991327
19550,0.37,16.093521
19560,7.25,2.728283
19570,0.61,18.345877
19580,5.07,2.271499
19590,4.53,2.417105
19600,-1.85,8.728519
19610,2.22,3.418078
19620,-1.20,11.263103
19630,2.91,2.359256
19640,7.64,2.102021
19650,-0.84,12.868711
19660,9.11,2.313321
19670,4.64,2.199115
19680,4.03,2.338008
19690,-3.78,6.751094
19700,-0.05,17.107571
19710,-2.16,7.355677
19720,0.34,12.714713
19730,-4.32,7.358857
19740,0.94,14.823771
19750,-4.88,7.168832
19760,-0.50,17.170437
19770,4.22,1.949040
19780,8.40,1.941381
19790,2.93,2.264250
19800,5.76,1.853581
19810,6.97,2.183765
19820,-0.15,18.147444
19830,-4.42,6.655948
19840,1.00,14.623889
19850,4.49,1.888139
19860,9.89,1.969967
19870,1.53,6.706461
19880,4.93,1.743316
19890,8.91,1.808740
19900,5.81,1.875982
19910,3.48,2.023013
19920,8.02,1.643520
19930,6.47,1.678404
19940,6.00,1.716446
19950,0.54,17.716520
19960,2.99,2.254911
19970,8.84,1.600388
19980,5.88,1.838146
19990,7.33,1.822301